1 2 0.2 0.2 209.0 43.0 209.0 964.0 3.0 964.0 
1 3 0.67 0.67 209.0 43.0 209.0 964.0 3.0 964.0 398.0 187.0 398.0 
1 4 0.82 0.82 209.0 43.0 209.0 964.0 3.0 964.0 398.0 187.0 398.0 507.0 75.0 507.0 
1 2 0.19 0.19 141.0 27.0 141.0 524.0 2.0 524.0 
1 3 0.43 0.43 141.0 27.0 141.0 524.0 2.0 524.0 546.0 132.0 546.0 
1 4 0.53 0.53 141.0 27.0 141.0 524.0 2.0 524.0 546.0 132.0 546.0 624.0 64.0 624.0 
1 5 0.54 0.54 141.0 27.0 141.0 524.0 2.0 524.0 546.0 132.0 546.0 624.0 64.0 624.0 162.0 1.0 162.0 
1 6 0.81 0.81 141.0 27.0 141.0 524.0 2.0 524.0 546.0 132.0 546.0 624.0 64.0 624.0 162.0 1.0 162.0 974.0 264.0 974.0 
1 2 0.44 0.44 891.0 104.0 891.0 121.0 40.0 121.0 
1 3 0.55 0.55 891.0 104.0 891.0 121.0 40.0 121.0 376.0 39.0 376.0 
1 4 0.71 0.71 891.0 104.0 891.0 121.0 40.0 121.0 376.0 39.0 376.0 444.0 75.0 444.0 
1 2 0.61 0.61 492.0 125.0 492.0 963.0 346.0 963.0 
1 3 0.88 0.88 492.0 125.0 492.0 963.0 346.0 963.0 556.0 153.0 556.0 
1 2 0.53 0.53 779.0 100.0 779.0 837.0 337.0 837.0 
1 3 0.53 0.53 779.0 100.0 779.0 837.0 337.0 837.0 632.0 3.0 632.0 
1 4 0.97 0.97 779.0 100.0 779.0 837.0 337.0 837.0 632.0 3.0 632.0 708.0 312.0 708.0 
1 2 0.6 0.6 825.0 294.0 825.0 101.0 25.0 101.0 
1 2 0.73 0.73 424.0 158.0 424.0 887.0 324.0 887.0 
1 2 0.42 0.42 250.0 31.0 250.0 317.0 97.0 317.0 
1 3 0.61 0.61 250.0 31.0 250.0 317.0 97.0 317.0 465.0 86.0 465.0 
1 4 0.95 0.95 250.0 31.0 250.0 317.0 97.0 317.0 465.0 86.0 465.0 716.0 243.0 716.0 
1 2 0.37 0.37 775.0 43.0 775.0 929.0 293.0 929.0 
1 3 0.46 0.46 775.0 43.0 775.0 929.0 293.0 929.0 44.0 4.0 44.0 
1 4 0.85 0.85 775.0 43.0 775.0 929.0 293.0 929.0 44.0 4.0 44.0 714.0 281.0 714.0 
1 2 0.51 0.51 428.0 143.0 428.0 764.0 140.0 764.0 
1 3 0.75 0.75 428.0 143.0 428.0 764.0 140.0 764.0 133.0 32.0 133.0 
1 2 0.89 0.89 289.0 113.0 289.0 240.0 120.0 240.0 
1 2 0.67 0.67 252.0 71.0 252.0 244.0 95.0 244.0 
1 2 0.27 0.27 67.0 11.0 67.0 305.0 35.0 305.0 
1 3 0.68 0.68 67.0 11.0 67.0 305.0 35.0 305.0 390.0 158.0 390.0 
1 4 0.7 0.7 67.0 11.0 67.0 305.0 35.0 305.0 390.0 158.0 390.0 671.0 11.0 671.0 
1 2 0.82 0.82 687.0 325.0 687.0 31.0 11.0 31.0 
1 2 0.51 0.51 551.0 89.0 551.0 96.0 34.0 96.0 
1 3 0.53 0.53 551.0 89.0 551.0 96.0 34.0 96.0 86.0 2.0 86.0 
1 2 0.22 0.22 274.0 48.0 274.0 820.0 42.0 820.0 
1 3 0.28 0.28 274.0 48.0 274.0 820.0 42.0 820.0 767.0 42.0 767.0 
1 4 0.76 0.76 274.0 48.0 274.0 820.0 42.0 820.0 767.0 42.0 767.0 29.0 14.0 29.0 
1 2 0.25 0.25 121.0 28.0 121.0 561.0 16.0 561.0 
1 3 0.71 0.71 121.0 28.0 121.0 561.0 16.0 561.0 62.0 28.0 62.0 
1 2 0.23 0.23 886.0 130.0 886.0 348.0 32.0 348.0 
1 3 0.63 0.63 886.0 130.0 886.0 348.0 32.0 348.0 709.0 283.0 709.0 
1 2 0.51 0.51 239.0 115.0 239.0 110.0 4.0 110.0 
1 3 0.91 0.91 239.0 115.0 239.0 110.0 4.0 110.0 351.0 141.0 351.0 
1 2 0.53 0.53 519.0 174.0 519.0 174.0 34.0 174.0 
1 3 0.97 0.97 519.0 174.0 519.0 174.0 34.0 174.0 414.0 182.0 414.0 
1 2 0.62 0.62 604.0 109.0 604.0 658.0 291.0 658.0 
1 2 0.53 0.53 944.0 431.0 944.0 923.0 77.0 923.0 
1 3 0.94 0.94 944.0 431.0 944.0 923.0 77.0 923.0 583.0 239.0 583.0 
1 2 0.41 0.41 889.0 139.0 889.0 968.0 253.0 968.0 
1 3 0.84 0.84 889.0 139.0 889.0 968.0 253.0 968.0 534.0 228.0 534.0 
1 2 0.62 0.62 263.0 123.0 263.0 492.0 79.0 492.0 
1 2 0.44 0.44 776.0 341.0 776.0 239.0 1.0 239.0 
1 3 0.59 0.59 776.0 341.0 776.0 239.0 1.0 239.0 609.0 94.0 609.0 
1 4 0.84 0.84 776.0 341.0 776.0 239.0 1.0 239.0 609.0 94.0 609.0 82.0 20.0 82.0 
1 2 0.32 0.32 280.0 7.0 280.0 164.0 49.0 164.0 
1 3 0.78 0.78 280.0 7.0 280.0 164.0 49.0 164.0 473.0 217.0 473.0 
1 2 0.8 0.8 20.0 5.0 20.0 900.0 503.0 900.0 
1 2 0.2 0.2 823.0 138.0 823.0 346.0 12.0 346.0 
1 3 0.42 0.42 823.0 138.0 823.0 346.0 12.0 346.0 428.0 97.0 428.0 
1 4 0.81 0.81 823.0 138.0 823.0 346.0 12.0 346.0 428.0 97.0 428.0 26.0 10.0 26.0 
1 2 0.48 0.48 605.0 278.0 605.0 746.0 22.0 746.0 
1 2 0.36 0.36 165.0 54.0 165.0 680.0 26.0 680.0 
1 3 0.43 0.43 165.0 54.0 165.0 680.0 26.0 680.0 552.0 37.0 552.0 
1 4 0.81 0.81 165.0 54.0 165.0 680.0 26.0 680.0 552.0 37.0 552.0 316.0 122.0 316.0 
1 2 0.78 0.78 30.0 15.0 30.0 506.0 145.0 506.0 
1 3 0.99 0.99 30.0 15.0 30.0 506.0 145.0 506.0 906.0 190.0 906.0 
1 2 0.75 0.75 768.0 510.0 768.0 247.0 22.0 247.0 
1 3 0.9 0.9 768.0 510.0 768.0 247.0 22.0 247.0 709.0 108.0 709.0 
1 2 0.44 0.44 380.0 35.0 380.0 199.0 70.0 199.0 
1 2 0.1 0.1 505.0 41.0 505.0 345.0 7.0 345.0 
1 3 0.92 0.92 505.0 41.0 505.0 345.0 7.0 345.0 273.0 224.0 273.0 
1 4 0.92 0.92 505.0 41.0 505.0 345.0 7.0 345.0 273.0 224.0 273.0 325.0 2.0 325.0 
1 2 0.43 0.43 255.0 104.0 255.0 901.0 24.0 901.0 
1 3 0.69 0.69 255.0 104.0 255.0 901.0 24.0 901.0 128.0 33.0 128.0 
1 2 0.45 0.45 110.0 28.0 110.0 215.0 43.0 215.0 
1 3 0.82 0.82 110.0 28.0 110.0 215.0 43.0 215.0 119.0 44.0 119.0 
1 4 0.85 0.85 110.0 28.0 110.0 215.0 43.0 215.0 119.0 44.0 119.0 912.0 28.0 912.0 
1 5 0.89 0.89 110.0 28.0 110.0 215.0 43.0 215.0 119.0 44.0 119.0 912.0 28.0 912.0 668.0 30.0 668.0 
1 2 0.96 0.96 187.0 60.0 187.0 609.0 395.0 609.0 
1 2 0.57 0.57 354.0 134.0 354.0 651.0 129.0 651.0 
1 2 0.9 0.9 912.0 420.0 912.0 38.0 17.0 38.0 
1 2 0.61 0.61 952.0 413.0 952.0 151.0 27.0 151.0 
1 3 0.91 0.91 952.0 413.0 952.0 151.0 27.0 151.0 392.0 119.0 392.0 
1 2 0.48 0.48 662.0 251.0 662.0 29.0 3.0 29.0 
1 3 0.67 0.67 662.0 251.0 662.0 29.0 3.0 29.0 837.0 158.0 837.0 
1 2 0.67 0.67 315.0 114.0 315.0 38.0 12.0 38.0 
1 2 0.7 0.7 201.0 94.0 201.0 383.0 91.0 383.0 
1 2 0.44 0.44 888.0 214.0 888.0 515.0 104.0 515.0 
1 3 0.47 0.47 888.0 214.0 888.0 515.0 104.0 515.0 561.0 17.0 561.0 
1 4 0.89 0.89 888.0 214.0 888.0 515.0 104.0 515.0 561.0 17.0 561.0 695.0 292.0 695.0 
1 2 0.61 0.61 98.0 19.0 98.0 144.0 60.0 144.0 
1 2 0.78 0.78 101.0 19.0 101.0 617.0 371.0 617.0 
1 3 0.93 0.93 101.0 19.0 101.0 617.0 371.0 617.0 75.0 11.0 75.0 
1 2 0.45 0.45 870.0 149.0 870.0 532.0 151.0 532.0 
1 3 0.78 0.78 870.0 149.0 870.0 532.0 151.0 532.0 345.0 115.0 345.0 
1 4 0.98 0.98 870.0 149.0 870.0 532.0 151.0 532.0 345.0 115.0 345.0 134.0 27.0 134.0 
1 2 0.74 0.74 16.0 6.0 16.0 734.0 274.0 734.0 
1 2 0.24 0.24 672.0 3.0 672.0 497.0 122.0 497.0 
1 2 0.78 0.78 718.0 356.0 718.0 458.0 134.0 458.0 
1 2 0.58 0.58 171.0 18.0 171.0 945.0 457.0 945.0 
1 3 0.92 0.92 171.0 18.0 171.0 945.0 457.0 945.0 356.0 120.0 356.0 
1 2 0.87 0.87 518.0 229.0 518.0 699.0 301.0 699.0 
1 3 0.92 0.92 518.0 229.0 518.0 699.0 301.0 699.0 42.0 2.0 42.0 
1 4 0.97 0.97 518.0 229.0 518.0 699.0 301.0 699.0 42.0 2.0 42.0 282.0 16.0 282.0 
1 2 0.75 0.75 912.0 549.0 912.0 70.0 11.0 70.0 
1 3 0.8 0.8 912.0 549.0 912.0 70.0 11.0 70.0 528.0 22.0 528.0 
1 2 0.72 0.72 115.0 39.0 115.0 653.0 255.0 653.0 
1 2 0.52 0.52 98.0 39.0 98.0 409.0 50.0 409.0 
1 3 0.71 0.71 98.0 39.0 98.0 409.0 50.0 409.0 132.0 26.0 132.0 
1 4 0.82 0.82 98.0 39.0 98.0 409.0 50.0 409.0 132.0 26.0 132.0 116.0 13.0 116.0 
1 5 0.97 0.97 98.0 39.0 98.0 409.0 50.0 409.0 132.0 26.0 132.0 116.0 13.0 116.0 239.0 34.0 239.0 
1 2 0.12 0.12 211.0 11.0 211.0 856.0 59.0 856.0 
1 3 0.37 0.37 211.0 11.0 211.0 856.0 59.0 856.0 955.0 238.0 955.0 
1 4 0.83 0.83 211.0 11.0 211.0 856.0 59.0 856.0 955.0 238.0 955.0 644.0 300.0 644.0 
1 2 0.7 0.7 444.0 185.0 444.0 612.0 178.0 612.0 
1 2 0.34 0.34 10.0 2.0 10.0 491.0 72.0 491.0 
1 3 0.82 0.82 10.0 2.0 10.0 491.0 72.0 491.0 472.0 225.0 472.0 
1 2 0.75 0.75 91.0 4.0 91.0 554.0 393.0 554.0 
1 3 0.82 0.82 91.0 4.0 91.0 554.0 393.0 554.0 789.0 58.0 789.0 
1 4 0.9 0.9 91.0 4.0 91.0 554.0 393.0 554.0 789.0 58.0 789.0 448.0 33.0 448.0 
1 5 0.94 0.94 91.0 4.0 91.0 554.0 393.0 554.0 789.0 58.0 789.0 448.0 33.0 448.0 747.0 31.0 747.0 
1 2 0.47 0.47 864.0 18.0 864.0 24.0 11.0 24.0 
1 3 0.54 0.54 864.0 18.0 864.0 24.0 11.0 24.0 917.0 57.0 917.0 
1 4 0.57 0.57 864.0 18.0 864.0 24.0 11.0 24.0 917.0 57.0 917.0 717.0 25.0 717.0 
1 5 0.82 0.82 864.0 18.0 864.0 24.0 11.0 24.0 917.0 57.0 917.0 717.0 25.0 717.0 360.0 89.0 360.0 
1 2 0.63 0.63 958.0 352.0 958.0 34.0 9.0 34.0 
1 2 0.42 0.42 672.0 12.0 672.0 668.0 271.0 668.0 
1 3 0.42 0.42 672.0 12.0 672.0 668.0 271.0 668.0 838.0 2.0 838.0 
1 4 0.76 0.76 672.0 12.0 672.0 668.0 271.0 668.0 838.0 2.0 838.0 713.0 241.0 713.0 
1 5 0.77 0.77 672.0 12.0 672.0 668.0 271.0 668.0 838.0 2.0 838.0 713.0 241.0 713.0 399.0 3.0 399.0 
1 6 0.82 0.82 672.0 12.0 672.0 668.0 271.0 668.0 838.0 2.0 838.0 713.0 241.0 713.0 399.0 3.0 399.0 944.0 54.0 944.0 
1 2 0.45 0.45 717.0 71.0 717.0 96.0 34.0 96.0 
1 3 0.81 0.81 717.0 71.0 717.0 96.0 34.0 96.0 910.0 333.0 910.0 
1 2 0.24 0.24 450.0 64.0 450.0 316.0 32.0 316.0 
1 3 0.67 0.67 450.0 64.0 450.0 316.0 32.0 316.0 369.0 158.0 369.0 
1 4 0.71 0.71 450.0 64.0 450.0 316.0 32.0 316.0 369.0 158.0 369.0 877.0 37.0 877.0 
1 5 0.85 0.85 450.0 64.0 450.0 316.0 32.0 316.0 369.0 158.0 369.0 877.0 37.0 877.0 174.0 24.0 174.0 
1 2 0.28 0.28 114.0 4.0 114.0 926.0 229.0 926.0 
1 3 0.59 0.59 114.0 4.0 114.0 926.0 229.0 926.0 868.0 273.0 868.0 
1 4 0.97 0.97 114.0 4.0 114.0 926.0 229.0 926.0 868.0 273.0 868.0 574.0 219.0 574.0 
1 5 0.98 0.98 114.0 4.0 114.0 926.0 229.0 926.0 868.0 273.0 868.0 574.0 219.0 574.0 284.0 3.0 284.0 
1 2 0.64 0.64 839.0 162.0 839.0 40.0 18.0 40.0 
1 3 0.71 0.71 839.0 162.0 839.0 40.0 18.0 40.0 317.0 23.0 317.0 
1 2 0.94 0.94 673.0 305.0 673.0 87.0 43.0 87.0 
1 2 0.22 0.22 158.0 31.0 158.0 485.0 14.0 485.0 
1 3 0.52 0.52 158.0 31.0 158.0 485.0 14.0 485.0 708.0 215.0 708.0 
1 4 0.89 0.89 158.0 31.0 158.0 485.0 14.0 485.0 708.0 215.0 708.0 627.0 232.0 627.0 
1 5 0.96 0.96 158.0 31.0 158.0 485.0 14.0 485.0 708.0 215.0 708.0 627.0 232.0 627.0 537.0 35.0 537.0 
1 2 0.22 0.22 208.0 27.0 208.0 418.0 41.0 418.0 
1 3 0.57 0.57 208.0 27.0 208.0 418.0 41.0 418.0 494.0 173.0 494.0 
1 2 0.6 0.6 867.0 392.0 867.0 792.0 118.0 792.0 
1 2 0.45 0.45 749.0 18.0 749.0 101.0 44.0 101.0 
1 3 0.5 0.5 749.0 18.0 749.0 101.0 44.0 101.0 394.0 16.0 394.0 
1 4 0.95 0.95 749.0 18.0 749.0 101.0 44.0 101.0 394.0 16.0 394.0 135.0 61.0 135.0 
1 2 0.67 0.67 760.0 322.0 760.0 687.0 170.0 687.0 
1 3 0.86 0.86 760.0 322.0 760.0 687.0 170.0 687.0 340.0 66.0 340.0 
1 2 0.51 0.51 119.0 12.0 119.0 105.0 44.0 105.0 
1 3 0.65 0.65 119.0 12.0 119.0 105.0 44.0 105.0 394.0 55.0 394.0 
1 2 0.52 0.52 574.0 206.0 574.0 112.0 19.0 112.0 
1 3 0.63 0.63 574.0 206.0 574.0 112.0 19.0 112.0 104.0 11.0 104.0 
1 4 0.84 0.84 574.0 206.0 574.0 112.0 19.0 112.0 104.0 11.0 104.0 668.0 144.0 668.0 
1 2 0.58 0.58 139.0 55.0 139.0 811.0 152.0 811.0 
1 3 0.75 0.75 139.0 55.0 139.0 811.0 152.0 811.0 936.0 161.0 936.0 
1 2 0.42 0.42 358.0 46.0 358.0 546.0 164.0 546.0 
1 3 0.96 0.96 358.0 46.0 358.0 546.0 164.0 546.0 582.0 313.0 582.0 
1 2 0.6 0.6 920.0 271.0 920.0 257.0 79.0 257.0 
1 3 0.8 0.8 920.0 271.0 920.0 257.0 79.0 257.0 685.0 138.0 685.0 
1 4 0.83 0.83 920.0 271.0 920.0 257.0 79.0 257.0 685.0 138.0 685.0 542.0 15.0 542.0 
1 2 0.07 0.07 623.0 32.0 623.0 172.0 4.0 172.0 
1 3 0.21 0.21 623.0 32.0 623.0 172.0 4.0 172.0 28.0 4.0 28.0 
1 4 0.31 0.31 623.0 32.0 623.0 172.0 4.0 172.0 28.0 4.0 28.0 781.0 78.0 781.0 
1 5 0.57 0.57 623.0 32.0 623.0 172.0 4.0 172.0 28.0 4.0 28.0 781.0 78.0 781.0 105.0 27.0 105.0 
1 6 0.61 0.61 623.0 32.0 623.0 172.0 4.0 172.0 28.0 4.0 28.0 781.0 78.0 781.0 105.0 27.0 105.0 133.0 6.0 133.0 
1 2 0.75 0.75 863.0 322.0 863.0 295.0 114.0 295.0 
1 2 0.23 0.23 530.0 99.0 530.0 744.0 39.0 744.0 
1 3 0.64 0.64 530.0 99.0 530.0 744.0 39.0 744.0 518.0 208.0 518.0 
1 4 0.98 0.98 530.0 99.0 530.0 744.0 39.0 744.0 518.0 208.0 518.0 349.0 120.0 349.0 
1 2 0.83 0.83 806.0 353.0 806.0 991.0 396.0 991.0 
1 2 0.7 0.7 815.0 288.0 815.0 453.0 160.0 453.0 
1 3 0.87 0.87 815.0 288.0 815.0 453.0 160.0 453.0 335.0 57.0 335.0 
1 4 0.99 0.99 815.0 288.0 815.0 453.0 160.0 453.0 335.0 57.0 335.0 450.0 54.0 450.0 
1 2 0.58 0.58 961.0 313.0 961.0 38.0 10.0 38.0 
1 2 0.7 0.7 117.0 50.0 117.0 717.0 202.0 717.0 
1 2 0.29 0.29 328.0 58.0 328.0 139.0 16.0 139.0 
1 3 0.62 0.62 328.0 58.0 328.0 139.0 16.0 139.0 230.0 77.0 230.0 
1 4 0.73 0.73 328.0 58.0 328.0 139.0 16.0 139.0 230.0 77.0 230.0 396.0 44.0 396.0 
1 5 0.79 0.79 328.0 58.0 328.0 139.0 16.0 139.0 230.0 77.0 230.0 396.0 44.0 396.0 883.0 52.0 883.0 
1 2 0.14 0.14 619.0 56.0 619.0 128.0 7.0 128.0 
1 3 0.33 0.33 619.0 56.0 619.0 128.0 7.0 128.0 874.0 163.0 874.0 
1 4 0.76 0.76 619.0 56.0 619.0 128.0 7.0 128.0 874.0 163.0 874.0 584.0 252.0 584.0 
1 5 0.8 0.8 619.0 56.0 619.0 128.0 7.0 128.0 874.0 163.0 874.0 584.0 252.0 584.0 151.0 7.0 151.0 
1 2 0.58 0.58 338.0 52.0 338.0 427.0 185.0 427.0 
1 2 0.64 0.64 206.0 33.0 206.0 987.0 479.0 987.0 
1 3 0.91 0.91 206.0 33.0 206.0 987.0 479.0 987.0 687.0 188.0 687.0 
1 2 0.54 0.54 36.0 16.0 36.0 890.0 88.0 890.0 
1 3 0.78 0.78 36.0 16.0 36.0 890.0 88.0 890.0 595.0 144.0 595.0 
1 2 0.67 0.67 227.0 101.0 227.0 714.0 165.0 714.0 
1 2 0.82 0.82 318.0 144.0 318.0 562.0 207.0 562.0 
1 2 0.51 0.51 343.0 23.0 343.0 237.0 105.0 237.0 
1 3 0.59 0.59 343.0 23.0 343.0 237.0 105.0 237.0 562.0 50.0 562.0 
1 4 0.94 0.94 343.0 23.0 343.0 237.0 105.0 237.0 562.0 50.0 562.0 430.0 150.0 430.0 
1 5 0.97 0.97 343.0 23.0 343.0 237.0 105.0 237.0 562.0 50.0 562.0 430.0 150.0 430.0 351.0 11.0 351.0 
1 2 0.7 0.7 218.0 94.0 218.0 838.0 231.0 838.0 
1 3 0.92 0.92 218.0 94.0 218.0 838.0 231.0 838.0 454.0 100.0 454.0 
1 2 0.8 0.8 210.0 82.0 210.0 742.0 304.0 742.0 
1 2 0.19 0.19 699.0 99.0 699.0 683.0 38.0 683.0 
1 3 0.65 0.65 699.0 99.0 699.0 683.0 38.0 683.0 363.0 166.0 363.0 
1 2 0.5 0.5 304.0 13.0 304.0 313.0 144.0 313.0 
1 3 0.52 0.52 304.0 13.0 304.0 313.0 144.0 313.0 611.0 11.0 611.0 
1 4 0.74 0.74 304.0 13.0 304.0 313.0 144.0 313.0 611.0 11.0 611.0 430.0 95.0 430.0 
1 5 0.86 0.86 304.0 13.0 304.0 313.0 144.0 313.0 611.0 11.0 611.0 430.0 95.0 430.0 508.0 65.0 508.0 
1 2 0.8 0.8 577.0 226.0 577.0 128.0 53.0 128.0 
1 2 0.88 0.88 180.0 72.0 180.0 189.0 92.0 189.0 
1 2 0.82 0.82 964.0 452.0 964.0 556.0 200.0 556.0 
1 3 0.85 0.85 964.0 452.0 964.0 556.0 200.0 556.0 162.0 5.0 162.0 
1 2 0.55 0.55 210.0 62.0 210.0 803.0 211.0 803.0 
1 3 0.65 0.65 210.0 62.0 210.0 803.0 211.0 803.0 963.0 96.0 963.0 
1 4 0.91 0.91 210.0 62.0 210.0 803.0 211.0 803.0 963.0 96.0 963.0 71.0 18.0 71.0 
1 2 0.44 0.44 340.0 92.0 340.0 402.0 70.0 402.0 
1 3 0.45 0.45 340.0 92.0 340.0 402.0 70.0 402.0 523.0 7.0 523.0 
1 4 0.74 0.74 340.0 92.0 340.0 402.0 70.0 402.0 523.0 7.0 523.0 731.0 207.0 731.0 
1 2 0.72 0.72 328.0 77.0 328.0 361.0 177.0 361.0 
1 2 0.37 0.37 856.0 65.0 856.0 34.0 10.0 34.0 
1 2 0.71 0.71 799.0 214.0 799.0 115.0 51.0 115.0 
1 3 0.85 0.85 799.0 214.0 799.0 115.0 51.0 115.0 595.0 84.0 595.0 
1 2 0.69 0.69 594.0 121.0 594.0 117.0 58.0 117.0 
1 3 0.8 0.8 594.0 121.0 594.0 117.0 58.0 117.0 368.0 40.0 368.0 
1 2 0.36 0.36 906.0 120.0 906.0 467.0 108.0 467.0 
1 3 0.45 0.45 906.0 120.0 906.0 467.0 108.0 467.0 677.0 65.0 677.0 
1 4 0.8 0.8 906.0 120.0 906.0 467.0 108.0 467.0 677.0 65.0 677.0 138.0 48.0 138.0 
1 2 0.95 0.95 283.0 177.0 283.0 3.0 1.0 3.0 
1 2 0.67 0.67 864.0 284.0 864.0 287.0 100.0 287.0 
1 2 0.87 0.87 824.0 503.0 824.0 884.0 236.0 884.0 
1 2 0.6 0.6 877.0 271.0 877.0 931.0 279.0 931.0 
1 2 0.91 0.91 190.0 110.0 190.0 456.0 154.0 456.0 
1 2 0.69 0.69 439.0 183.0 439.0 258.0 72.0 258.0 
1 3 0.79 0.79 439.0 183.0 439.0 258.0 72.0 258.0 858.0 86.0 858.0 
1 2 0.29 0.29 398.0 78.0 398.0 656.0 65.0 656.0 
1 3 0.44 0.44 398.0 78.0 398.0 656.0 65.0 656.0 723.0 112.0 723.0 
1 4 0.86 0.86 398.0 78.0 398.0 656.0 65.0 656.0 723.0 112.0 723.0 733.0 303.0 733.0 
1 2 0.26 0.26 40.0 3.0 40.0 581.0 110.0 581.0 
1 3 0.5 0.5 40.0 3.0 40.0 581.0 110.0 581.0 441.0 108.0 441.0 
1 4 0.62 0.62 40.0 3.0 40.0 581.0 110.0 581.0 441.0 108.0 441.0 160.0 19.0 160.0 
1 2 0.55 0.55 325.0 84.0 325.0 354.0 105.0 354.0 
1 3 0.9 0.9 325.0 84.0 325.0 354.0 105.0 354.0 340.0 118.0 340.0 
1 2 0.82 0.82 645.0 73.0 645.0 400.0 286.0 400.0 
1 2 0.31 0.31 452.0 92.0 452.0 325.0 36.0 325.0 
1 3 0.33 0.33 452.0 92.0 452.0 325.0 36.0 325.0 308.0 6.0 308.0 
1 4 0.44 0.44 452.0 92.0 452.0 325.0 36.0 325.0 308.0 6.0 308.0 542.0 61.0 542.0 
1 5 0.68 0.68 452.0 92.0 452.0 325.0 36.0 325.0 308.0 6.0 308.0 542.0 61.0 542.0 811.0 192.0 811.0 
1 6 0.97 0.97 452.0 92.0 452.0 325.0 36.0 325.0 308.0 6.0 308.0 542.0 61.0 542.0 811.0 192.0 811.0 229.0 67.0 229.0 
1 2 0.6 0.6 972.0 177.0 972.0 26.0 11.0 26.0 
1 3 0.81 0.81 972.0 177.0 972.0 26.0 11.0 26.0 855.0 176.0 855.0 
1 2 0.32 0.32 392.0 90.0 392.0 480.0 45.0 480.0 
1 3 0.48 0.48 392.0 90.0 392.0 480.0 45.0 480.0 682.0 112.0 682.0 
1 4 0.9 0.9 392.0 90.0 392.0 480.0 45.0 480.0 682.0 112.0 682.0 307.0 129.0 307.0 
1 2 0.33 0.33 898.0 216.0 898.0 71.0 7.0 71.0 
1 3 0.54 0.54 898.0 216.0 898.0 71.0 7.0 71.0 405.0 85.0 405.0 
1 4 0.66 0.66 898.0 216.0 898.0 71.0 7.0 71.0 405.0 85.0 405.0 609.0 72.0 609.0 
1 5 0.98 0.98 898.0 216.0 898.0 71.0 7.0 71.0 405.0 85.0 405.0 609.0 72.0 609.0 217.0 69.0 217.0 
1 2 0.66 0.66 468.0 230.0 468.0 839.0 144.0 839.0 
1 3 0.76 0.76 468.0 230.0 468.0 839.0 144.0 839.0 330.0 32.0 330.0 
1 2 0.63 0.63 963.0 302.0 963.0 141.0 45.0 141.0 
1 3 0.82 0.82 963.0 302.0 963.0 141.0 45.0 141.0 565.0 110.0 565.0 
1 2 0.55 0.55 768.0 64.0 768.0 227.0 108.0 227.0 
1 2 0.67 0.67 842.0 220.0 842.0 818.0 342.0 818.0 
1 3 0.8 0.8 842.0 220.0 842.0 818.0 342.0 818.0 70.0 9.0 70.0 
1 4 0.81 0.81 842.0 220.0 842.0 818.0 342.0 818.0 70.0 9.0 70.0 596.0 7.0 596.0 
1 5 0.91 0.91 842.0 220.0 842.0 818.0 342.0 818.0 70.0 9.0 70.0 596.0 7.0 596.0 634.0 60.0 634.0 
1 6 0.96 0.96 842.0 220.0 842.0 818.0 342.0 818.0 70.0 9.0 70.0 596.0 7.0 596.0 634.0 60.0 634.0 845.0 41.0 845.0 
1 2 0.54 0.54 79.0 16.0 79.0 961.0 330.0 961.0 
1 3 0.88 0.88 79.0 16.0 79.0 961.0 330.0 961.0 238.0 80.0 238.0 
1 2 0.64 0.64 648.0 277.0 648.0 897.0 191.0 897.0 
1 2 0.41 0.41 824.0 176.0 824.0 664.0 132.0 664.0 
1 2 0.34 0.34 652.0 185.0 652.0 69.0 4.0 69.0 
1 3 0.34 0.34 652.0 185.0 652.0 69.0 4.0 69.0 266.0 2.0 266.0 
1 4 0.83 0.83 652.0 185.0 652.0 69.0 4.0 69.0 266.0 2.0 266.0 151.0 73.0 151.0 
1 5 0.83 0.83 652.0 185.0 652.0 69.0 4.0 69.0 266.0 2.0 266.0 151.0 73.0 151.0 346.0 1.0 346.0 
1 6 0.94 0.94 652.0 185.0 652.0 69.0 4.0 69.0 266.0 2.0 266.0 151.0 73.0 151.0 346.0 1.0 346.0 511.0 55.0 511.0 
1 2 0.16 0.16 436.0 9.0 436.0 636.0 89.0 636.0 
1 3 0.65 0.65 436.0 9.0 436.0 636.0 89.0 636.0 609.0 302.0 609.0 
1 4 0.98 0.98 436.0 9.0 436.0 636.0 89.0 636.0 609.0 302.0 609.0 6.0 2.0 6.0 
1 2 0.57 0.57 969.0 174.0 969.0 90.0 36.0 90.0 
1 3 0.99 0.99 969.0 174.0 969.0 90.0 36.0 90.0 36.0 15.0 36.0 
1 2 0.51 0.51 21.0 10.0 21.0 164.0 6.0 164.0 
1 2 0.72 0.72 434.0 297.0 434.0 22.0 1.0 22.0 
1 3 0.83 0.83 434.0 297.0 434.0 22.0 1.0 22.0 539.0 58.0 539.0 
1 2 0.4 0.4 619.0 64.0 619.0 354.0 108.0 354.0 
1 2 0.42 0.42 396.0 73.0 396.0 359.0 86.0 359.0 
1 3 0.92 0.92 396.0 73.0 396.0 359.0 86.0 359.0 418.0 209.0 418.0 
1 2 0.88 0.88 691.0 273.0 691.0 437.0 216.0 437.0 
1 3 0.95 0.95 691.0 273.0 691.0 437.0 216.0 437.0 360.0 22.0 360.0 
1 2 0.34 0.34 380.0 34.0 380.0 798.0 202.0 798.0 
1 3 0.74 0.74 380.0 34.0 380.0 798.0 202.0 798.0 582.0 237.0 582.0 
1 4 0.79 0.79 380.0 34.0 380.0 798.0 202.0 798.0 582.0 237.0 582.0 513.0 21.0 513.0 
1 2 0.14 0.14 974.0 101.0 974.0 24.0 1.0 24.0 
1 3 0.5 0.5 974.0 101.0 974.0 24.0 1.0 24.0 243.0 88.0 243.0 
1 4 0.87 0.87 974.0 101.0 974.0 24.0 1.0 24.0 243.0 88.0 243.0 41.0 15.0 41.0 
1 5 0.88 0.88 974.0 101.0 974.0 24.0 1.0 24.0 243.0 88.0 243.0 41.0 15.0 41.0 850.0 6.0 850.0 
1 2 0.56 0.56 391.0 168.0 391.0 977.0 132.0 977.0 
1 3 0.99 0.99 391.0 168.0 391.0 977.0 132.0 977.0 852.0 369.0 852.0 
1 2 0.14 0.14 125.0 15.0 125.0 908.0 23.0 908.0 
1 3 0.41 0.41 125.0 15.0 125.0 908.0 23.0 908.0 692.0 186.0 692.0 
1 4 0.67 0.67 125.0 15.0 125.0 908.0 23.0 908.0 692.0 186.0 692.0 138.0 36.0 138.0 
1 2 0.52 0.52 553.0 60.0 553.0 281.0 117.0 281.0 
1 3 0.89 0.89 553.0 60.0 553.0 281.0 117.0 281.0 396.0 147.0 396.0 
1 2 0.67 0.67 833.0 250.0 833.0 499.0 189.0 499.0 
1 3 0.82 0.82 833.0 250.0 833.0 499.0 189.0 499.0 208.0 31.0 208.0 
1 2 0.24 0.24 683.0 25.0 683.0 798.0 170.0 798.0 
1 3 0.25 0.25 683.0 25.0 683.0 798.0 170.0 798.0 273.0 1.0 273.0 
1 4 0.51 0.51 683.0 25.0 683.0 798.0 170.0 798.0 273.0 1.0 273.0 115.0 30.0 115.0 
1 5 0.76 0.76 683.0 25.0 683.0 798.0 170.0 798.0 273.0 1.0 273.0 115.0 30.0 115.0 248.0 63.0 248.0 
1 2 0.65 0.65 870.0 176.0 870.0 673.0 302.0 673.0 
1 3 0.98 0.98 870.0 176.0 870.0 673.0 302.0 673.0 791.0 262.0 791.0 
1 2 0.79 0.79 695.0 261.0 695.0 538.0 225.0 538.0 
1 2 0.54 0.54 23.0 10.0 23.0 461.0 50.0 461.0 
1 2 0.68 0.68 625.0 145.0 625.0 618.0 278.0 618.0 
1 2 0.65 0.65 368.0 58.0 368.0 457.0 227.0 457.0 
1 2 0.41 0.41 686.0 113.0 686.0 655.0 161.0 655.0 
1 3 0.41 0.41 686.0 113.0 686.0 655.0 161.0 655.0 110.0 1.0 110.0 
1 4 0.85 0.85 686.0 113.0 686.0 655.0 161.0 655.0 110.0 1.0 110.0 638.0 278.0 638.0 
1 2 0.56 0.56 92.0 19.0 92.0 923.0 332.0 923.0 
1 3 0.65 0.65 92.0 19.0 92.0 923.0 332.0 923.0 485.0 45.0 485.0 
1 4 0.81 0.81 92.0 19.0 92.0 923.0 332.0 923.0 485.0 45.0 485.0 560.0 85.0 560.0 
1 2 0.27 0.27 328.0 52.0 328.0 161.0 18.0 161.0 
1 2 0.39 0.39 608.0 174.0 608.0 861.0 91.0 861.0 
1 2 0.42 0.42 887.0 172.0 887.0 356.0 84.0 356.0 
1 3 0.86 0.86 887.0 172.0 887.0 356.0 84.0 356.0 351.0 151.0 351.0 
1 4 0.98 0.98 887.0 172.0 887.0 356.0 84.0 356.0 351.0 151.0 351.0 791.0 99.0 791.0 
1 2 0.41 0.41 373.0 54.0 373.0 584.0 159.0 584.0 
1 3 0.85 0.85 373.0 54.0 373.0 584.0 159.0 584.0 318.0 140.0 318.0 
1 2 0.46 0.46 835.0 257.0 835.0 836.0 133.0 836.0 
1 3 0.81 0.81 835.0 257.0 835.0 836.0 133.0 836.0 219.0 76.0 219.0 
1 2 0.48 0.48 405.0 139.0 405.0 864.0 123.0 864.0 
1 3 0.78 0.78 405.0 139.0 405.0 864.0 123.0 864.0 619.0 184.0 619.0 
1 4 0.84 0.84 405.0 139.0 405.0 864.0 123.0 864.0 619.0 184.0 619.0 143.0 9.0 143.0 
1 2 0.74 0.74 243.0 15.0 243.0 100.0 68.0 100.0 
1 2 0.28 0.28 883.0 231.0 883.0 850.0 24.0 850.0 
1 3 0.56 0.56 883.0 231.0 883.0 850.0 24.0 850.0 513.0 142.0 513.0 
1 4 0.65 0.65 883.0 231.0 883.0 850.0 24.0 850.0 513.0 142.0 513.0 710.0 66.0 710.0 
1 5 0.67 0.67 883.0 231.0 883.0 850.0 24.0 850.0 513.0 142.0 513.0 710.0 66.0 710.0 160.0 2.0 160.0 
1 6 0.94 0.94 883.0 231.0 883.0 850.0 24.0 850.0 513.0 142.0 513.0 710.0 66.0 710.0 160.0 2.0 160.0 897.0 246.0 897.0 
1 2 0.19 0.19 683.0 7.0 683.0 133.0 25.0 133.0 
1 3 0.93 0.93 683.0 7.0 683.0 133.0 25.0 133.0 771.0 569.0 771.0 
1 4 0.95 0.95 683.0 7.0 683.0 133.0 25.0 133.0 771.0 569.0 771.0 345.0 8.0 345.0 
1 2 0.26 0.26 799.0 210.0 799.0 321.0 2.0 321.0 
1 3 0.45 0.45 799.0 210.0 799.0 321.0 2.0 321.0 890.0 163.0 890.0 
1 4 0.63 0.63 799.0 210.0 799.0 321.0 2.0 321.0 890.0 163.0 890.0 484.0 90.0 484.0 
1 5 0.96 0.96 799.0 210.0 799.0 321.0 2.0 321.0 890.0 163.0 890.0 484.0 90.0 484.0 499.0 165.0 499.0 
1 2 0.79 0.79 592.0 208.0 592.0 748.0 335.0 748.0 
1 2 0.52 0.52 185.0 84.0 185.0 56.0 4.0 56.0 
1 3 0.89 0.89 185.0 84.0 185.0 56.0 4.0 56.0 843.0 310.0 843.0 
1 2 0.28 0.28 976.0 95.0 976.0 647.0 124.0 647.0 
1 3 0.57 0.57 976.0 95.0 976.0 647.0 124.0 647.0 267.0 77.0 267.0 
1 2 0.45 0.45 348.0 65.0 348.0 88.0 24.0 88.0 
1 3 0.81 0.81 348.0 65.0 348.0 88.0 24.0 88.0 923.0 326.0 923.0 
1 4 0.9 0.9 348.0 65.0 348.0 88.0 24.0 88.0 923.0 326.0 923.0 889.0 79.0 889.0 
1 2 0.44 0.44 8.0 3.0 8.0 515.0 36.0 515.0 
1 3 0.89 0.89 8.0 3.0 8.0 515.0 36.0 515.0 529.0 237.0 529.0 
1 2 0.72 0.72 21.0 9.0 21.0 780.0 232.0 780.0 
1 2 0.62 0.62 275.0 57.0 275.0 890.0 371.0 890.0 
1 2 0.73 0.73 718.0 235.0 718.0 129.0 52.0 129.0 
1 3 0.73 0.73 718.0 235.0 718.0 129.0 52.0 129.0 755.0 6.0 755.0 
1 4 0.85 0.85 718.0 235.0 718.0 129.0 52.0 129.0 755.0 6.0 755.0 356.0 42.0 356.0 
1 5 0.89 0.89 718.0 235.0 718.0 129.0 52.0 129.0 755.0 6.0 755.0 356.0 42.0 356.0 723.0 27.0 723.0 
1 2 0.59 0.59 282.0 36.0 282.0 250.0 117.0 250.0 
1 3 0.6 0.6 282.0 36.0 282.0 250.0 117.0 250.0 204.0 2.0 204.0 
1 4 0.82 0.82 282.0 36.0 282.0 250.0 117.0 250.0 204.0 2.0 204.0 566.0 124.0 566.0 
1 2 0.65 0.65 688.0 222.0 688.0 800.0 267.0 800.0 
1 2 0.16 0.16 594.0 1.0 594.0 96.0 16.0 96.0 
1 3 0.49 0.49 594.0 1.0 594.0 96.0 16.0 96.0 216.0 70.0 216.0 
1 4 0.81 0.81 594.0 1.0 594.0 96.0 16.0 96.0 216.0 70.0 216.0 534.0 171.0 534.0 
1 2 0.72 0.72 983.0 422.0 983.0 642.0 191.0 642.0 
1 3 0.78 0.78 983.0 422.0 983.0 642.0 191.0 642.0 635.0 39.0 635.0 
1 2 0.3 0.3 26.0 7.0 26.0 521.0 20.0 521.0 
1 3 0.71 0.71 26.0 7.0 26.0 521.0 20.0 521.0 593.0 243.0 593.0 
1 2 0.5 0.5 328.0 54.0 328.0 706.0 237.0 706.0 
1 3 0.83 0.83 328.0 54.0 328.0 706.0 237.0 706.0 6.0 2.0 6.0 
1 2 0.8 0.8 89.0 37.0 89.0 494.0 194.0 494.0 
1 3 0.82 0.82 89.0 37.0 89.0 494.0 194.0 494.0 613.0 9.0 613.0 
1 2 0.38 0.38 232.0 56.0 232.0 643.0 91.0 643.0 
1 3 0.8 0.8 232.0 56.0 232.0 643.0 91.0 643.0 139.0 59.0 139.0 
1 4 0.89 0.89 232.0 56.0 232.0 643.0 91.0 643.0 139.0 59.0 139.0 413.0 36.0 413.0 
1 2 0.72 0.72 444.0 107.0 444.0 916.0 445.0 916.0 
1 3 0.92 0.92 444.0 107.0 444.0 916.0 445.0 916.0 300.0 58.0 300.0 
1 2 0.23 0.23 855.0 179.0 855.0 302.0 7.0 302.0 
1 3 0.28 0.28 855.0 179.0 855.0 302.0 7.0 302.0 82.0 4.0 82.0 
1 4 0.69 0.69 855.0 179.0 855.0 302.0 7.0 302.0 82.0 4.0 82.0 839.0 343.0 839.0 
1 2 0.56 0.56 633.0 296.0 633.0 747.0 71.0 747.0 
1 3 0.62 0.62 633.0 296.0 633.0 747.0 71.0 747.0 361.0 23.0 361.0 
1 4 0.97 0.97 633.0 296.0 633.0 747.0 71.0 747.0 361.0 23.0 361.0 545.0 192.0 545.0 
1 2 0.61 0.61 487.0 108.0 487.0 345.0 137.0 345.0 
1 2 0.49 0.49 60.0 25.0 60.0 727.0 56.0 727.0 
1 3 0.57 0.57 60.0 25.0 60.0 727.0 56.0 727.0 972.0 82.0 972.0 
1 4 0.64 0.64 60.0 25.0 60.0 727.0 56.0 727.0 972.0 82.0 972.0 59.0 4.0 59.0 
1 5 0.91 0.91 60.0 25.0 60.0 727.0 56.0 727.0 972.0 82.0 972.0 59.0 4.0 59.0 215.0 58.0 215.0 
1 2 0.45 0.45 721.0 162.0 721.0 239.0 55.0 239.0 
1 3 0.68 0.68 721.0 162.0 721.0 239.0 55.0 239.0 719.0 167.0 719.0 
1 2 0.13 0.13 462.0 40.0 462.0 670.0 32.0 670.0 
1 3 0.26 0.26 462.0 40.0 462.0 670.0 32.0 670.0 431.0 55.0 431.0 
1 4 0.3 0.3 462.0 40.0 462.0 670.0 32.0 670.0 431.0 55.0 431.0 286.0 11.0 286.0 
1 5 0.43 0.43 462.0 40.0 462.0 670.0 32.0 670.0 431.0 55.0 431.0 286.0 11.0 286.0 521.0 69.0 521.0 
1 6 0.79 0.79 462.0 40.0 462.0 670.0 32.0 670.0 431.0 55.0 431.0 286.0 11.0 286.0 521.0 69.0 521.0 158.0 58.0 158.0 
1 7 0.89 0.89 462.0 40.0 462.0 670.0 32.0 670.0 431.0 55.0 431.0 286.0 11.0 286.0 521.0 69.0 521.0 158.0 58.0 158.0 830.0 82.0 830.0 
1 2 0.46 0.46 488.0 87.0 488.0 696.0 200.0 696.0 
1 2 0.74 0.74 711.0 167.0 711.0 611.0 310.0 611.0 
1 3 0.98 0.98 711.0 167.0 711.0 611.0 310.0 611.0 980.0 236.0 980.0 
1 2 0.38 0.38 419.0 148.0 419.0 190.0 6.0 190.0 
1 3 0.73 0.73 419.0 148.0 419.0 190.0 6.0 190.0 266.0 94.0 266.0 
1 2 0.8 0.8 326.0 132.0 326.0 5.0 2.0 5.0 
1 2 0.32 0.32 504.0 30.0 504.0 205.0 54.0 205.0 
1 2 0.15 0.15 778.0 64.0 778.0 953.0 69.0 953.0 
1 3 0.46 0.46 778.0 64.0 778.0 953.0 69.0 953.0 84.0 26.0 84.0 
1 4 0.65 0.65 778.0 64.0 778.0 953.0 69.0 953.0 84.0 26.0 84.0 871.0 162.0 871.0 
1 5 0.87 0.87 778.0 64.0 778.0 953.0 69.0 953.0 84.0 26.0 84.0 871.0 162.0 871.0 410.0 92.0 410.0 
1 2 0.63 0.63 969.0 311.0 969.0 917.0 288.0 917.0 
1 3 0.8 0.8 969.0 311.0 969.0 917.0 288.0 917.0 515.0 85.0 515.0 
1 2 0.23 0.23 247.0 16.0 247.0 350.0 61.0 350.0 
1 3 0.62 0.62 247.0 16.0 247.0 350.0 61.0 350.0 979.0 374.0 979.0 
1 2 0.47 0.47 752.0 270.0 752.0 474.0 55.0 474.0 
1 3 0.53 0.53 752.0 270.0 752.0 474.0 55.0 474.0 745.0 48.0 745.0 
1 4 0.62 0.62 752.0 270.0 752.0 474.0 55.0 474.0 745.0 48.0 745.0 217.0 18.0 217.0 
1 2 0.26 0.26 318.0 5.0 318.0 181.0 45.0 181.0 
1 3 0.5 0.5 318.0 5.0 318.0 181.0 45.0 181.0 854.0 208.0 854.0 
1 4 0.51 0.51 318.0 5.0 318.0 181.0 45.0 181.0 854.0 208.0 854.0 874.0 9.0 874.0 
1 5 0.66 0.66 318.0 5.0 318.0 181.0 45.0 181.0 854.0 208.0 854.0 874.0 9.0 874.0 53.0 8.0 53.0 
1 6 0.89 0.89 318.0 5.0 318.0 181.0 45.0 181.0 854.0 208.0 854.0 874.0 9.0 874.0 53.0 8.0 53.0 712.0 164.0 712.0 
1 2 0.94 0.94 649.0 235.0 649.0 839.0 485.0 839.0 
1 2 0.81 0.81 963.0 720.0 963.0 461.0 30.0 461.0 
1 2 0.38 0.38 402.0 39.0 402.0 361.0 103.0 361.0 
1 3 0.39 0.39 402.0 39.0 402.0 361.0 103.0 361.0 491.0 4.0 491.0 
1 4 0.82 0.82 402.0 39.0 402.0 361.0 103.0 361.0 491.0 4.0 491.0 997.0 437.0 997.0 
1 2 0.36 0.36 33.0 9.0 33.0 649.0 63.0 649.0 
1 3 0.78 0.78 33.0 9.0 33.0 649.0 63.0 649.0 815.0 337.0 815.0 
1 4 0.79 0.79 33.0 9.0 33.0 649.0 63.0 649.0 815.0 337.0 815.0 245.0 3.0 245.0 
1 2 0.08 0.08 451.0 13.0 451.0 959.0 56.0 959.0 
1 3 0.53 0.53 451.0 13.0 451.0 959.0 56.0 959.0 452.0 203.0 452.0 
1 4 0.91 0.91 451.0 13.0 451.0 959.0 56.0 959.0 452.0 203.0 452.0 711.0 270.0 711.0 
1 2 0.43 0.43 101.0 26.0 101.0 744.0 135.0 744.0 
1 3 0.79 0.79 101.0 26.0 101.0 744.0 135.0 744.0 903.0 323.0 903.0 
1 2 0.54 0.54 920.0 186.0 920.0 741.0 254.0 741.0 
1 3 0.81 0.81 920.0 186.0 920.0 741.0 254.0 741.0 282.0 77.0 282.0 
1 2 0.75 0.75 315.0 109.0 315.0 107.0 44.0 107.0 
1 3 0.92 0.92 315.0 109.0 315.0 107.0 44.0 107.0 864.0 142.0 864.0 
1 2 0.25 0.25 287.0 34.0 287.0 842.0 118.0 842.0 
1 3 0.72 0.72 287.0 34.0 287.0 842.0 118.0 842.0 690.0 324.0 690.0 
1 2 0.1 0.1 168.0 9.0 168.0 392.0 19.0 392.0 
1 3 0.15 0.15 168.0 9.0 168.0 392.0 19.0 392.0 764.0 39.0 764.0 
1 4 0.53 0.53 168.0 9.0 168.0 392.0 19.0 392.0 764.0 39.0 764.0 50.0 19.0 50.0 
1 5 0.61 0.61 168.0 9.0 168.0 392.0 19.0 392.0 764.0 39.0 764.0 50.0 19.0 50.0 710.0 58.0 710.0 
1 2 0.53 0.53 380.0 117.0 380.0 615.0 140.0 615.0 
1 3 0.67 0.67 380.0 117.0 380.0 615.0 140.0 615.0 50.0 7.0 50.0 
1 2 0.65 0.65 845.0 212.0 845.0 508.0 204.0 508.0 
1 2 0.5 0.5 192.0 34.0 192.0 997.0 325.0 997.0 
1 2 0.22 0.22 371.0 67.0 371.0 357.0 15.0 357.0 
1 3 0.72 0.72 371.0 67.0 371.0 357.0 15.0 357.0 838.0 419.0 838.0 
1 2 0.68 0.68 189.0 53.0 189.0 369.0 149.0 369.0 
1 2 0.49 0.49 968.0 161.0 968.0 662.0 216.0 662.0 
1 2 0.65 0.65 643.0 205.0 643.0 399.0 134.0 399.0 
1 2 0.47 0.47 723.0 342.0 723.0 151.0 1.0 151.0 
1 2 0.63 0.63 706.0 175.0 706.0 437.0 170.0 437.0 
1 3 0.91 0.91 706.0 175.0 706.0 437.0 170.0 437.0 362.0 102.0 362.0 
1 2 0.77 0.77 272.0 89.0 272.0 78.0 35.0 78.0 
1 3 0.85 0.85 272.0 89.0 272.0 78.0 35.0 78.0 332.0 27.0 332.0 
1 2 0.69 0.69 126.0 58.0 126.0 220.0 52.0 220.0 
1 3 0.84 0.84 126.0 58.0 126.0 220.0 52.0 220.0 458.0 66.0 458.0 
1 2 0.25 0.25 672.0 2.0 672.0 424.0 106.0 424.0 
1 3 0.64 0.64 672.0 2.0 672.0 424.0 106.0 424.0 142.0 55.0 142.0 
1 2 0.61 0.61 638.0 204.0 638.0 624.0 186.0 624.0 
1 3 0.9 0.9 638.0 204.0 638.0 624.0 186.0 624.0 332.0 97.0 332.0 
1 4 0.99 0.99 638.0 204.0 638.0 624.0 186.0 624.0 332.0 97.0 332.0 109.0 9.0 109.0 
1 2 0.52 0.52 655.0 117.0 655.0 950.0 325.0 950.0 
1 3 0.72 0.72 655.0 117.0 655.0 950.0 325.0 950.0 25.0 5.0 25.0 
1 4 0.96 0.96 655.0 117.0 655.0 950.0 325.0 950.0 25.0 5.0 25.0 191.0 46.0 191.0 
1 2 0.35 0.35 709.0 46.0 709.0 320.0 92.0 320.0 
1 3 0.65 0.65 709.0 46.0 709.0 320.0 92.0 320.0 137.0 42.0 137.0 
1 2 0.86 0.86 969.0 791.0 969.0 22.0 1.0 22.0 
1 2 0.55 0.55 774.0 205.0 774.0 844.0 247.0 844.0 
1 3 0.8 0.8 774.0 205.0 774.0 844.0 247.0 844.0 949.0 237.0 949.0 
1 2 0.93 0.93 458.0 81.0 458.0 94.0 71.0 94.0 
1 2 0.52 0.52 325.0 154.0 325.0 251.0 14.0 251.0 
1 3 0.72 0.72 325.0 154.0 325.0 251.0 14.0 251.0 967.0 185.0 967.0 
1 2 0.84 0.84 972.0 381.0 972.0 260.0 117.0 260.0 
1 2 0.64 0.64 81.0 27.0 81.0 32.0 10.0 32.0 
1 2 0.54 0.54 72.0 10.0 72.0 32.0 13.0 32.0 
1 3 0.76 0.76 72.0 10.0 72.0 32.0 13.0 32.0 106.0 23.0 106.0 
1 2 0.94 0.94 766.0 556.0 766.0 876.0 195.0 876.0 
1 2 0.46 0.46 413.0 106.0 413.0 967.0 199.0 967.0 
1 3 0.59 0.59 413.0 106.0 413.0 967.0 199.0 967.0 883.0 114.0 883.0 
1 4 0.66 0.66 413.0 106.0 413.0 967.0 199.0 967.0 883.0 114.0 883.0 327.0 24.0 327.0 
1 2 0.98 0.98 152.0 61.0 152.0 455.0 264.0 455.0 
1 2 0.87 0.87 588.0 226.0 588.0 283.0 140.0 283.0 
1 2 0.02 0.02 563.0 1.0 563.0 71.0 2.0 71.0 
1 3 0.05 0.05 563.0 1.0 563.0 71.0 2.0 71.0 967.0 20.0 967.0 
1 4 0.4 0.4 563.0 1.0 563.0 71.0 2.0 71.0 967.0 20.0 967.0 953.0 339.0 953.0 
1 5 0.88 0.88 563.0 1.0 563.0 71.0 2.0 71.0 967.0 20.0 967.0 953.0 339.0 953.0 317.0 153.0 317.0 
1 2 0.71 0.71 880.0 560.0 880.0 604.0 50.0 604.0 
1 2 0.74 0.74 489.0 273.0 489.0 277.0 51.0 277.0 
1 3 0.78 0.78 489.0 273.0 489.0 277.0 51.0 277.0 680.0 30.0 680.0 
1 2 0.9 0.9 487.0 212.0 487.0 583.0 273.0 583.0 
1 2 0.57 0.57 881.0 211.0 881.0 695.0 232.0 695.0 
1 3 0.96 0.96 881.0 211.0 881.0 695.0 232.0 695.0 442.0 175.0 442.0 
1 2 0.51 0.51 624.0 239.0 624.0 232.0 30.0 232.0 
1 3 0.99 0.99 624.0 239.0 624.0 232.0 30.0 232.0 414.0 200.0 414.0 
1 2 0.63 0.63 367.0 131.0 367.0 287.0 81.0 287.0 
1 2 0.28 0.28 972.0 269.0 972.0 110.0 1.0 110.0 
1 3 0.72 0.72 972.0 269.0 972.0 110.0 1.0 110.0 539.0 238.0 539.0 
1 4 0.77 0.77 972.0 269.0 972.0 110.0 1.0 110.0 539.0 238.0 539.0 229.0 12.0 229.0 
1 5 0.93 0.93 972.0 269.0 972.0 110.0 1.0 110.0 539.0 238.0 539.0 229.0 12.0 229.0 364.0 55.0 364.0 
1 2 0.35 0.35 957.0 39.0 957.0 796.0 249.0 796.0 
1 3 0.82 0.82 957.0 39.0 957.0 796.0 249.0 796.0 505.0 240.0 505.0 
1 2 0.24 0.24 102.0 12.0 102.0 435.0 57.0 435.0 
1 3 0.27 0.27 102.0 12.0 102.0 435.0 57.0 435.0 642.0 17.0 642.0 
1 4 0.37 0.37 102.0 12.0 102.0 435.0 57.0 435.0 642.0 17.0 642.0 969.0 97.0 969.0 
1 5 0.78 0.78 102.0 12.0 102.0 435.0 57.0 435.0 642.0 17.0 642.0 969.0 97.0 969.0 776.0 316.0 776.0 
1 2 0.04 0.04 998.0 33.0 998.0 445.0 6.0 445.0 
1 3 0.17 0.17 998.0 33.0 998.0 445.0 6.0 445.0 782.0 99.0 782.0 
1 4 0.57 0.57 998.0 33.0 998.0 445.0 6.0 445.0 782.0 99.0 782.0 853.0 346.0 853.0 
1 2 0.79 0.79 192.0 77.0 192.0 447.0 176.0 447.0 
1 2 0.64 0.64 723.0 194.0 723.0 823.0 314.0 823.0 
1 3 0.82 0.82 723.0 194.0 723.0 823.0 314.0 823.0 836.0 144.0 836.0 
1 4 0.82 0.82 723.0 194.0 723.0 823.0 314.0 823.0 836.0 144.0 836.0 549.0 1.0 549.0 
1 2 0.96 0.96 297.0 220.0 297.0 850.0 193.0 850.0 
1 2 0.67 0.67 821.0 384.0 821.0 153.0 31.0 153.0 
1 3 0.9 0.9 821.0 384.0 821.0 153.0 31.0 153.0 229.0 53.0 229.0 
1 2 0.46 0.46 585.0 101.0 585.0 823.0 241.0 823.0 
1 3 0.48 0.48 585.0 101.0 585.0 823.0 241.0 823.0 431.0 10.0 431.0 
1 4 0.5 0.5 585.0 101.0 585.0 823.0 241.0 823.0 431.0 10.0 431.0 61.0 1.0 61.0 
1 5 0.52 0.52 585.0 101.0 585.0 823.0 241.0 823.0 431.0 10.0 431.0 61.0 1.0 61.0 183.0 3.0 183.0 
1 6 0.59 0.59 585.0 101.0 585.0 823.0 241.0 823.0 431.0 10.0 431.0 61.0 1.0 61.0 183.0 3.0 183.0 698.0 48.0 698.0 
1 2 0.37 0.37 170.0 53.0 170.0 394.0 24.0 394.0 
1 3 0.74 0.74 170.0 53.0 170.0 394.0 24.0 394.0 710.0 261.0 710.0 
1 4 0.95 0.95 170.0 53.0 170.0 394.0 24.0 394.0 710.0 261.0 710.0 79.0 17.0 79.0 
1 2 0.62 0.62 565.0 322.0 565.0 249.0 14.0 249.0 
1 2 0.78 0.78 804.0 325.0 804.0 779.0 300.0 779.0 
1 2 0.62 0.62 882.0 322.0 882.0 154.0 40.0 154.0 
1 3 0.83 0.83 882.0 322.0 882.0 154.0 40.0 154.0 838.0 178.0 838.0 
1 2 0.73 0.73 285.0 104.0 285.0 88.0 33.0 88.0 
1 2 0.62 0.62 729.0 239.0 729.0 941.0 284.0 941.0 
1 3 0.83 0.83 729.0 239.0 729.0 941.0 284.0 941.0 935.0 192.0 935.0 
1 4 0.97 0.97 729.0 239.0 729.0 941.0 284.0 941.0 935.0 192.0 935.0 662.0 90.0 662.0 
1 2 0.19 0.19 418.0 14.0 418.0 571.0 91.0 571.0 
1 3 0.5 0.5 418.0 14.0 418.0 571.0 91.0 571.0 464.0 144.0 464.0 
1 4 0.7 0.7 418.0 14.0 418.0 571.0 91.0 571.0 464.0 144.0 464.0 279.0 56.0 279.0 
1 2 0.75 0.75 91.0 26.0 91.0 801.0 378.0 801.0 
1 3 0.86 0.86 91.0 26.0 91.0 801.0 378.0 801.0 171.0 18.0 171.0 
1 2 0.57 0.57 414.0 157.0 414.0 447.0 88.0 447.0 
1 2 0.18 0.18 218.0 23.0 218.0 941.0 77.0 941.0 
1 3 0.46 0.46 218.0 23.0 218.0 941.0 77.0 941.0 383.0 108.0 383.0 
1 2 0.64 0.64 666.0 141.0 666.0 318.0 139.0 318.0 
1 3 0.91 0.91 666.0 141.0 666.0 318.0 139.0 318.0 900.0 242.0 900.0 
1 2 0.38 0.38 641.0 241.0 641.0 166.0 2.0 166.0 
1 3 0.52 0.52 641.0 241.0 641.0 166.0 2.0 166.0 459.0 64.0 459.0 
1 2 0.88 0.88 839.0 325.0 839.0 16.0 8.0 16.0 
1 2 0.46 0.46 212.0 80.0 212.0 131.0 11.0 131.0 
1 3 0.76 0.76 212.0 80.0 212.0 131.0 11.0 131.0 692.0 207.0 692.0 
1 2 0.36 0.36 741.0 229.0 741.0 600.0 35.0 600.0 
1 3 0.71 0.71 741.0 229.0 741.0 600.0 35.0 600.0 393.0 137.0 393.0 
1 2 0.38 0.38 372.0 117.0 372.0 674.0 49.0 674.0 
1 3 0.41 0.41 372.0 117.0 372.0 674.0 49.0 674.0 562.0 16.0 562.0 
1 4 0.71 0.71 372.0 117.0 372.0 674.0 49.0 674.0 562.0 16.0 562.0 76.0 23.0 76.0 
1 5 0.96 0.96 372.0 117.0 372.0 674.0 49.0 674.0 562.0 16.0 562.0 76.0 23.0 76.0 260.0 64.0 260.0 
1 2 0.42 0.42 175.0 4.0 175.0 377.0 152.0 377.0 
1 3 0.48 0.48 175.0 4.0 175.0 377.0 152.0 377.0 697.0 38.0 697.0 
1 4 0.69 0.69 175.0 4.0 175.0 377.0 152.0 377.0 697.0 38.0 697.0 286.0 60.0 286.0 
1 2 0.32 0.32 976.0 112.0 976.0 864.0 178.0 864.0 
1 3 0.49 0.49 976.0 112.0 976.0 864.0 178.0 864.0 875.0 156.0 875.0 
1 4 0.73 0.73 976.0 112.0 976.0 864.0 178.0 864.0 875.0 156.0 875.0 829.0 195.0 829.0 
1 2 0.27 0.27 992.0 270.0 992.0 161.0 1.0 161.0 
1 3 0.61 0.61 992.0 270.0 992.0 161.0 1.0 161.0 3.0 1.0 3.0 
1 2 0.33 0.33 488.0 5.0 488.0 971.0 320.0 971.0 
1 3 0.45 0.45 488.0 5.0 488.0 971.0 320.0 971.0 484.0 55.0 484.0 
1 4 0.65 0.65 488.0 5.0 488.0 971.0 320.0 971.0 484.0 55.0 484.0 564.0 114.0 564.0 
1 2 0.73 0.73 458.0 127.0 458.0 450.0 207.0 450.0 
1 2 0.29 0.29 919.0 201.0 919.0 168.0 12.0 168.0 
1 3 0.47 0.47 919.0 201.0 919.0 168.0 12.0 168.0 824.0 151.0 824.0 
1 4 0.5 0.5 919.0 201.0 919.0 168.0 12.0 168.0 824.0 151.0 824.0 36.0 1.0 36.0 
1 5 0.71 0.71 919.0 201.0 919.0 168.0 12.0 168.0 824.0 151.0 824.0 36.0 1.0 36.0 905.0 193.0 905.0 
1 6 0.94 0.94 919.0 201.0 919.0 168.0 12.0 168.0 824.0 151.0 824.0 36.0 1.0 36.0 905.0 193.0 905.0 537.0 126.0 537.0 
1 2 0.48 0.48 949.0 389.0 949.0 386.0 28.0 386.0 
1 3 0.6 0.6 949.0 389.0 949.0 386.0 28.0 386.0 873.0 110.0 873.0 
1 2 0.57 0.57 855.0 357.0 855.0 360.0 58.0 360.0 
1 3 0.82 0.82 855.0 357.0 855.0 360.0 58.0 360.0 599.0 150.0 599.0 
1 2 0.59 0.59 900.0 179.0 900.0 774.0 307.0 774.0 
1 3 0.69 0.69 900.0 179.0 900.0 774.0 307.0 774.0 240.0 23.0 240.0 
1 4 0.79 0.79 900.0 179.0 900.0 774.0 307.0 774.0 240.0 23.0 240.0 466.0 49.0 466.0 
1 2 0.12 0.12 640.0 14.0 640.0 499.0 53.0 499.0 
1 3 0.57 0.57 640.0 14.0 640.0 499.0 53.0 499.0 210.0 93.0 210.0 
1 4 0.98 0.98 640.0 14.0 640.0 499.0 53.0 499.0 210.0 93.0 210.0 937.0 385.0 937.0 
1 2 0.85 0.85 28.0 14.0 28.0 733.0 257.0 733.0 
1 3 0.89 0.89 28.0 14.0 28.0 733.0 257.0 733.0 359.0 16.0 359.0 
1 2 0.58 0.58 714.0 222.0 714.0 501.0 138.0 501.0 
1 3 0.91 0.91 714.0 222.0 714.0 501.0 138.0 501.0 210.0 68.0 210.0 
1 4 0.95 0.95 714.0 222.0 714.0 501.0 138.0 501.0 210.0 68.0 210.0 874.0 38.0 874.0 
1 2 0.36 0.36 418.0 129.0 418.0 285.0 15.0 285.0 
1 3 0.73 0.73 418.0 129.0 418.0 285.0 15.0 285.0 8.0 3.0 8.0 
1 4 0.94 0.94 418.0 129.0 418.0 285.0 15.0 285.0 8.0 3.0 8.0 628.0 132.0 628.0 
1 2 0.51 0.51 873.0 163.0 873.0 632.0 209.0 632.0 
1 3 0.86 0.86 873.0 163.0 873.0 632.0 209.0 632.0 608.0 210.0 608.0 
1 2 0.88 0.88 614.0 245.0 614.0 656.0 318.0 656.0 
1 2 0.73 0.73 884.0 330.0 884.0 545.0 197.0 545.0 
1 3 0.86 0.86 884.0 330.0 884.0 545.0 197.0 545.0 164.0 21.0 164.0 
1 2 0.49 0.49 373.0 104.0 373.0 594.0 128.0 594.0 
1 3 0.83 0.83 373.0 104.0 373.0 594.0 128.0 594.0 979.0 338.0 979.0 
1 2 0.75 0.75 522.0 231.0 522.0 654.0 206.0 654.0 
1 2 0.51 0.51 416.0 58.0 416.0 334.0 124.0 334.0 
1 3 0.88 0.88 416.0 58.0 416.0 334.0 124.0 334.0 37.0 14.0 37.0 
1 2 0.38 0.38 979.0 175.0 979.0 208.0 43.0 208.0 
1 3 0.87 0.87 979.0 175.0 979.0 208.0 43.0 208.0 152.0 74.0 152.0 
1 4 0.98 0.98 979.0 175.0 979.0 208.0 43.0 208.0 152.0 74.0 152.0 145.0 16.0 145.0 
1 2 0.43 0.43 869.0 24.0 869.0 703.0 289.0 703.0 
1 3 0.47 0.47 869.0 24.0 869.0 703.0 289.0 703.0 480.0 17.0 480.0 
1 4 0.57 0.57 869.0 24.0 869.0 703.0 289.0 703.0 480.0 17.0 480.0 363.0 35.0 363.0 
1 5 0.9 0.9 869.0 24.0 869.0 703.0 289.0 703.0 480.0 17.0 480.0 363.0 35.0 363.0 3.0 1.0 3.0 
1 2 0.83 0.83 400.0 190.0 400.0 551.0 198.0 551.0 
1 2 0.76 0.76 272.0 74.0 272.0 989.0 490.0 989.0 
1 3 0.92 0.92 272.0 74.0 272.0 989.0 490.0 989.0 390.0 63.0 390.0 
1 2 0.16 0.16 431.0 40.0 431.0 703.0 50.0 703.0 
1 3 0.23 0.23 431.0 40.0 431.0 703.0 50.0 703.0 966.0 72.0 966.0 
1 4 0.7 0.7 431.0 40.0 431.0 703.0 50.0 703.0 966.0 72.0 966.0 444.0 207.0 444.0 
1 5 0.83 0.83 431.0 40.0 431.0 703.0 50.0 703.0 966.0 72.0 966.0 444.0 207.0 444.0 175.0 22.0 175.0 
1 6 0.83 0.83 431.0 40.0 431.0 703.0 50.0 703.0 966.0 72.0 966.0 444.0 207.0 444.0 175.0 22.0 175.0 982.0 2.0 982.0 
1 2 0.57 0.57 810.0 99.0 810.0 283.0 128.0 283.0 
1 3 0.79 0.79 810.0 99.0 810.0 283.0 128.0 283.0 981.0 213.0 981.0 
1 2 0.59 0.59 661.0 123.0 661.0 365.0 150.0 365.0 
1 3 0.74 0.74 661.0 123.0 661.0 365.0 150.0 365.0 429.0 62.0 429.0 
1 4 0.8 0.8 661.0 123.0 661.0 365.0 150.0 365.0 429.0 62.0 429.0 303.0 18.0 303.0 
1 2 0.6 0.6 129.0 41.0 129.0 7.0 2.0 7.0 
1 3 0.65 0.65 129.0 41.0 129.0 7.0 2.0 7.0 389.0 21.0 389.0 
1 2 0.53 0.53 471.0 151.0 471.0 635.0 133.0 635.0 
1 3 0.82 0.82 471.0 151.0 471.0 635.0 133.0 635.0 345.0 102.0 345.0 
1 4 0.91 0.91 471.0 151.0 471.0 635.0 133.0 635.0 345.0 102.0 345.0 542.0 49.0 542.0 
1 2 0.48 0.48 426.0 5.0 426.0 698.0 328.0 698.0 
1 3 0.88 0.88 426.0 5.0 426.0 698.0 328.0 698.0 876.0 354.0 876.0 
1 2 0.9 0.9 938.0 457.0 938.0 689.0 285.0 689.0 
1 2 0.33 0.33 296.0 19.0 296.0 272.0 74.0 272.0 
1 2 0.4 0.4 413.0 29.0 413.0 312.0 105.0 312.0 
1 3 0.82 0.82 413.0 29.0 413.0 312.0 105.0 312.0 901.0 375.0 901.0 
1 4 0.97 0.97 413.0 29.0 413.0 312.0 105.0 312.0 901.0 375.0 901.0 990.0 150.0 990.0 
1 2 0.49 0.49 115.0 9.0 115.0 993.0 409.0 993.0 
1 3 0.65 0.65 115.0 9.0 115.0 993.0 409.0 993.0 660.0 111.0 660.0 
1 4 0.67 0.67 115.0 9.0 115.0 993.0 409.0 993.0 660.0 111.0 660.0 74.0 1.0 74.0 
1 2 0.69 0.69 167.0 61.0 167.0 430.0 142.0 430.0 
1 2 0.8 0.8 751.0 256.0 751.0 829.0 386.0 829.0 
1 2 0.55 0.55 841.0 185.0 841.0 692.0 234.0 692.0 
1 2 0.63 0.63 467.0 233.0 467.0 775.0 104.0 775.0 
1 3 0.78 0.78 467.0 233.0 467.0 775.0 104.0 775.0 479.0 73.0 479.0 
1 2 0.72 0.72 473.0 137.0 473.0 899.0 393.0 899.0 
1 2 0.51 0.51 178.0 23.0 178.0 299.0 115.0 299.0 
1 2 0.67 0.67 998.0 283.0 998.0 346.0 135.0 346.0 
1 2 0.4 0.4 134.0 32.0 134.0 370.0 60.0 370.0 
1 3 0.54 0.54 134.0 32.0 134.0 370.0 60.0 370.0 972.0 137.0 972.0 
1 4 0.81 0.81 134.0 32.0 134.0 370.0 60.0 370.0 972.0 137.0 972.0 492.0 134.0 492.0 
1 2 0.55 0.55 695.0 148.0 695.0 148.0 50.0 148.0 
1 3 0.82 0.82 695.0 148.0 695.0 148.0 50.0 148.0 489.0 132.0 489.0 
1 4 0.93 0.93 695.0 148.0 695.0 148.0 50.0 148.0 489.0 132.0 489.0 9.0 1.0 9.0 
1 2 0.64 0.64 53.0 25.0 53.0 364.0 64.0 364.0 
1 2 0.58 0.58 698.0 370.0 698.0 686.0 39.0 686.0 
1 2 0.51 0.51 214.0 94.0 214.0 385.0 31.0 385.0 
1 3 0.78 0.78 214.0 94.0 214.0 385.0 31.0 385.0 416.0 109.0 416.0 
1 2 0.86 0.86 776.0 253.0 776.0 244.0 132.0 244.0 
1 3 0.93 0.93 776.0 253.0 776.0 244.0 132.0 244.0 376.0 26.0 376.0 
1 2 0.29 0.29 923.0 41.0 923.0 579.0 143.0 579.0 
1 3 0.62 0.62 923.0 41.0 923.0 579.0 143.0 579.0 368.0 122.0 368.0 
1 2 0.5 0.5 575.0 6.0 575.0 53.0 26.0 53.0 
1 3 0.58 0.58 575.0 6.0 575.0 53.0 26.0 53.0 656.0 58.0 656.0 
1 2 0.68 0.68 667.0 245.0 667.0 215.0 68.0 215.0 
1 3 0.75 0.75 667.0 245.0 667.0 215.0 68.0 215.0 200.0 15.0 200.0 
1 4 0.98 0.98 667.0 245.0 667.0 215.0 68.0 215.0 200.0 15.0 200.0 717.0 165.0 717.0 
1 2 0.76 0.76 112.0 31.0 112.0 339.0 165.0 339.0 
1 3 0.8 0.8 112.0 31.0 112.0 339.0 165.0 339.0 179.0 7.0 179.0 
1 4 0.81 0.81 112.0 31.0 112.0 339.0 165.0 339.0 179.0 7.0 179.0 256.0 4.0 256.0 
1 2 0.81 0.81 519.0 167.0 519.0 107.0 53.0 107.0 
1 2 0.48 0.48 31.0 10.0 31.0 368.0 61.0 368.0 
1 3 0.74 0.74 31.0 10.0 31.0 368.0 61.0 368.0 851.0 216.0 851.0 
1 2 0.62 0.62 341.0 61.0 341.0 846.0 378.0 846.0 
1 3 0.78 0.78 341.0 61.0 341.0 846.0 378.0 846.0 45.0 7.0 45.0 
1 2 0.51 0.51 245.0 7.0 245.0 113.0 55.0 113.0 
1 3 0.92 0.92 245.0 7.0 245.0 113.0 55.0 113.0 969.0 396.0 969.0 
1 4 0.98 0.98 245.0 7.0 245.0 113.0 55.0 113.0 969.0 396.0 969.0 151.0 9.0 151.0 
1 2 0.42 0.42 79.0 3.0 79.0 198.0 76.0 198.0 
1 3 0.58 0.58 79.0 3.0 79.0 198.0 76.0 198.0 958.0 160.0 958.0 
1 2 0.35 0.35 682.0 185.0 682.0 438.0 35.0 438.0 
1 3 0.52 0.52 682.0 185.0 682.0 438.0 35.0 438.0 446.0 79.0 446.0 
1 4 0.8 0.8 682.0 185.0 682.0 438.0 35.0 438.0 446.0 79.0 446.0 385.0 106.0 385.0 
1 5 0.99 0.99 682.0 185.0 682.0 438.0 35.0 438.0 446.0 79.0 446.0 385.0 106.0 385.0 57.0 11.0 57.0 
1 2 0.54 0.54 809.0 98.0 809.0 535.0 225.0 535.0 
1 3 0.97 0.97 809.0 98.0 809.0 535.0 225.0 535.0 129.0 56.0 129.0 
1 2 0.6 0.6 802.0 392.0 802.0 719.0 81.0 719.0 
1 3 0.93 0.93 802.0 392.0 802.0 719.0 81.0 719.0 410.0 135.0 410.0 
1 2 0.25 0.25 132.0 15.0 132.0 305.0 44.0 305.0 
1 3 0.71 0.71 132.0 15.0 132.0 305.0 44.0 305.0 635.0 292.0 635.0 
1 4 0.94 0.94 132.0 15.0 132.0 305.0 44.0 305.0 635.0 292.0 635.0 901.0 206.0 901.0 
1 2 0.16 0.16 305.0 27.0 305.0 13.0 1.0 13.0 
1 3 0.25 0.25 305.0 27.0 305.0 13.0 1.0 13.0 852.0 73.0 852.0 
1 4 0.29 0.29 305.0 27.0 305.0 13.0 1.0 13.0 852.0 73.0 852.0 63.0 3.0 63.0 
1 5 0.72 0.72 305.0 27.0 305.0 13.0 1.0 13.0 852.0 73.0 852.0 63.0 3.0 63.0 636.0 272.0 636.0 
1 6 0.8 0.8 305.0 27.0 305.0 13.0 1.0 13.0 852.0 73.0 852.0 63.0 3.0 63.0 636.0 272.0 636.0 259.0 20.0 259.0 
1 7 0.9 0.9 305.0 27.0 305.0 13.0 1.0 13.0 852.0 73.0 852.0 63.0 3.0 63.0 636.0 272.0 636.0 259.0 20.0 259.0 380.0 37.0 380.0 
1 2 0.41 0.41 78.0 9.0 78.0 447.0 134.0 447.0 
1 3 0.56 0.56 78.0 9.0 78.0 447.0 134.0 447.0 714.0 105.0 714.0 
1 4 0.65 0.65 78.0 9.0 78.0 447.0 134.0 447.0 714.0 105.0 714.0 41.0 4.0 41.0 
1 2 0.63 0.63 358.0 166.0 358.0 30.0 5.0 30.0 
1 3 0.98 0.98 358.0 166.0 358.0 30.0 5.0 30.0 244.0 86.0 244.0 
1 2 0.47 0.47 50.0 11.0 50.0 27.0 7.0 27.0 
1 3 0.7 0.7 50.0 11.0 50.0 27.0 7.0 27.0 823.0 187.0 823.0 
1 2 0.32 0.32 602.0 107.0 602.0 966.0 147.0 966.0 
1 3 0.41 0.41 602.0 107.0 602.0 966.0 147.0 966.0 650.0 53.0 650.0 
1 4 0.57 0.57 602.0 107.0 602.0 966.0 147.0 966.0 650.0 53.0 650.0 657.0 110.0 657.0 
1 5 0.95 0.95 602.0 107.0 602.0 966.0 147.0 966.0 650.0 53.0 650.0 657.0 110.0 657.0 867.0 323.0 867.0 
1 2 0.21 0.21 879.0 96.0 879.0 885.0 91.0 885.0 
1 3 0.65 0.65 879.0 96.0 879.0 885.0 91.0 885.0 298.0 132.0 298.0 
1 2 0.38 0.38 389.0 12.0 389.0 755.0 267.0 755.0 
1 2 0.56 0.56 682.0 77.0 682.0 583.0 265.0 583.0 
1 3 0.64 0.64 682.0 77.0 682.0 583.0 265.0 583.0 376.0 29.0 376.0 
1 2 0.97 0.97 794.0 750.0 794.0 618.0 17.0 618.0 
1 2 0.74 0.74 978.0 259.0 978.0 952.0 455.0 952.0 
1 2 0.48 0.48 248.0 17.0 248.0 186.0 77.0 186.0 
1 3 0.54 0.54 248.0 17.0 248.0 186.0 77.0 186.0 224.0 15.0 224.0 
1 4 0.61 0.61 248.0 17.0 248.0 186.0 77.0 186.0 224.0 15.0 224.0 720.0 48.0 720.0 
1 5 0.79 0.79 248.0 17.0 248.0 186.0 77.0 186.0 224.0 15.0 224.0 720.0 48.0 720.0 690.0 126.0 690.0 
1 2 0.58 0.58 636.0 260.0 636.0 885.0 159.0 885.0 
1 2 0.48 0.48 458.0 87.0 458.0 841.0 244.0 841.0 
1 3 0.64 0.64 458.0 87.0 458.0 841.0 244.0 841.0 744.0 126.0 744.0 
1 2 0.36 0.36 376.0 103.0 376.0 499.0 43.0 499.0 
1 3 0.68 0.68 376.0 103.0 376.0 499.0 43.0 499.0 102.0 33.0 102.0 
1 4 0.95 0.95 376.0 103.0 376.0 499.0 43.0 499.0 102.0 33.0 102.0 369.0 101.0 369.0 
1 2 0.65 0.65 189.0 61.0 189.0 735.0 243.0 735.0 
1 2 0.56 0.56 791.0 99.0 791.0 293.0 129.0 293.0 
1 3 0.97 0.97 791.0 99.0 791.0 293.0 129.0 293.0 616.0 254.0 616.0 
1 2 0.8 0.8 499.0 97.0 499.0 757.0 463.0 757.0 
1 2 0.83 0.83 17.0 7.0 17.0 506.0 215.0 506.0 
1 3 0.88 0.88 17.0 7.0 17.0 506.0 215.0 506.0 21.0 1.0 21.0 
1 2 0.69 0.69 983.0 208.0 983.0 898.0 437.0 898.0 
1 3 0.85 0.85 983.0 208.0 983.0 898.0 437.0 898.0 163.0 26.0 163.0 
1 2 0.15 0.15 588.0 25.0 588.0 764.0 86.0 764.0 
1 3 0.4 0.4 588.0 25.0 588.0 764.0 86.0 764.0 302.0 74.0 302.0 
1 4 0.95 0.95 588.0 25.0 588.0 764.0 86.0 764.0 302.0 74.0 302.0 886.0 488.0 886.0 
1 2 0.48 0.48 531.0 9.0 531.0 478.0 226.0 478.0 
1 3 0.86 0.86 531.0 9.0 531.0 478.0 226.0 478.0 315.0 119.0 315.0 
1 2 0.15 0.15 842.0 18.0 842.0 778.0 107.0 778.0 
1 3 0.58 0.58 842.0 18.0 842.0 778.0 107.0 778.0 982.0 420.0 982.0 
1 2 0.04 0.04 736.0 23.0 736.0 997.0 12.0 997.0 
1 3 0.06 0.06 736.0 23.0 736.0 997.0 12.0 997.0 600.0 14.0 600.0 
1 4 0.13 0.13 736.0 23.0 736.0 997.0 12.0 997.0 600.0 14.0 600.0 717.0 49.0 717.0 
1 5 0.19 0.19 736.0 23.0 736.0 997.0 12.0 997.0 600.0 14.0 600.0 717.0 49.0 717.0 969.0 60.0 969.0 
1 6 0.46 0.46 736.0 23.0 736.0 997.0 12.0 997.0 600.0 14.0 600.0 717.0 49.0 717.0 969.0 60.0 969.0 355.0 95.0 355.0 
1 2 0.57 0.57 910.0 272.0 910.0 854.0 234.0 854.0 
1 2 0.66 0.66 686.0 2.0 686.0 928.0 618.0 928.0 
1 2 0.69 0.69 488.0 231.0 488.0 273.0 60.0 273.0 
1 3 0.76 0.76 488.0 231.0 488.0 273.0 60.0 273.0 890.0 68.0 890.0 
1 4 0.88 0.88 488.0 231.0 488.0 273.0 60.0 273.0 890.0 68.0 890.0 571.0 68.0 571.0 
1 2 0.95 0.95 525.0 377.0 525.0 570.0 135.0 570.0 
1 2 0.82 0.82 388.0 174.0 388.0 463.0 175.0 463.0 
1 2 0.48 0.48 667.0 282.0 667.0 528.0 31.0 528.0 
1 3 0.76 0.76 667.0 282.0 667.0 528.0 31.0 528.0 620.0 175.0 620.0 
1 2 0.26 0.26 195.0 46.0 195.0 676.0 22.0 676.0 
1 3 0.27 0.27 195.0 46.0 195.0 676.0 22.0 676.0 669.0 3.0 669.0 
1 4 0.3 0.3 195.0 46.0 195.0 676.0 22.0 676.0 669.0 3.0 669.0 329.0 9.0 329.0 
1 5 0.75 0.75 195.0 46.0 195.0 676.0 22.0 676.0 669.0 3.0 669.0 329.0 9.0 329.0 374.0 171.0 374.0 
1 2 0.37 0.37 450.0 56.0 450.0 925.0 236.0 925.0 
1 3 0.43 0.43 450.0 56.0 450.0 925.0 236.0 925.0 51.0 3.0 51.0 
1 4 0.93 0.93 450.0 56.0 450.0 925.0 236.0 925.0 51.0 3.0 51.0 98.0 49.0 98.0 
1 5 0.97 0.97 450.0 56.0 450.0 925.0 236.0 925.0 51.0 3.0 51.0 98.0 49.0 98.0 581.0 22.0 581.0 
1 2 0.62 0.62 5.0 1.0 5.0 205.0 88.0 205.0 
1 2 0.36 0.36 481.0 66.0 481.0 477.0 111.0 477.0 
1 3 0.76 0.76 481.0 66.0 481.0 477.0 111.0 477.0 616.0 243.0 616.0 
1 2 0.69 0.69 472.0 90.0 472.0 218.0 111.0 218.0 
1 2 0.08 0.08 891.0 11.0 891.0 334.0 23.0 334.0 
1 3 0.17 0.17 891.0 11.0 891.0 334.0 23.0 334.0 75.0 7.0 75.0 
1 4 0.48 0.48 891.0 11.0 891.0 334.0 23.0 334.0 75.0 7.0 75.0 192.0 60.0 192.0 
1 5 0.86 0.86 891.0 11.0 891.0 334.0 23.0 334.0 75.0 7.0 75.0 192.0 60.0 192.0 405.0 155.0 405.0 
1 2 0.65 0.65 699.0 173.0 699.0 791.0 320.0 791.0 
1 3 0.91 0.91 699.0 173.0 699.0 791.0 320.0 791.0 948.0 251.0 948.0 
1 2 0.2 0.2 874.0 51.0 874.0 162.0 24.0 162.0 
1 3 0.54 0.54 874.0 51.0 874.0 162.0 24.0 162.0 250.0 84.0 250.0 
1 4 0.97 0.97 874.0 51.0 874.0 162.0 24.0 162.0 250.0 84.0 250.0 659.0 288.0 659.0 
1 2 0.77 0.77 61.0 30.0 61.0 42.0 12.0 42.0 
1 2 0.94 0.94 946.0 590.0 946.0 907.0 293.0 907.0 
1 2 0.35 0.35 501.0 86.0 501.0 108.0 20.0 108.0 
1 3 0.74 0.74 501.0 86.0 501.0 108.0 20.0 108.0 456.0 176.0 456.0 
1 2 0.4 0.4 500.0 160.0 500.0 702.0 61.0 702.0 
1 3 0.8 0.8 500.0 160.0 500.0 702.0 61.0 702.0 10.0 4.0 10.0 
1 2 0.63 0.63 889.0 433.0 889.0 478.0 70.0 478.0 
1 2 0.35 0.35 291.0 7.0 291.0 237.0 78.0 237.0 
1 3 0.71 0.71 291.0 7.0 291.0 237.0 78.0 237.0 719.0 257.0 719.0 
1 4 0.91 0.91 291.0 7.0 291.0 237.0 78.0 237.0 719.0 257.0 719.0 165.0 34.0 165.0 
1 2 0.83 0.83 281.0 127.0 281.0 66.0 25.0 66.0 
1 2 0.32 0.32 169.0 49.0 169.0 727.0 29.0 727.0 
1 3 0.37 0.37 169.0 49.0 169.0 727.0 29.0 727.0 889.0 38.0 889.0 
1 4 0.92 0.92 169.0 49.0 169.0 727.0 29.0 727.0 889.0 38.0 889.0 555.0 306.0 555.0 
1 5 0.99 0.99 169.0 49.0 169.0 727.0 29.0 727.0 889.0 38.0 889.0 555.0 306.0 555.0 41.0 3.0 41.0 
1 2 0.74 0.74 845.0 273.0 845.0 80.0 34.0 80.0 
1 2 0.64 0.64 23.0 4.0 23.0 111.0 52.0 111.0 
1 3 0.65 0.65 23.0 4.0 23.0 111.0 52.0 111.0 648.0 10.0 648.0 
1 2 0.77 0.77 292.0 76.0 292.0 579.0 298.0 579.0 
1 3 0.89 0.89 292.0 76.0 292.0 579.0 298.0 579.0 339.0 41.0 339.0 
1 2 0.45 0.45 369.0 134.0 369.0 378.0 36.0 378.0 
1 3 0.75 0.75 369.0 134.0 369.0 378.0 36.0 378.0 992.0 299.0 992.0 
1 4 0.85 0.85 369.0 134.0 369.0 378.0 36.0 378.0 992.0 299.0 992.0 575.0 55.0 575.0 
1 2 0.38 0.38 516.0 46.0 516.0 517.0 153.0 517.0 
1 3 0.49 0.49 516.0 46.0 516.0 517.0 153.0 517.0 238.0 25.0 238.0 
1 4 0.5 0.5 516.0 46.0 516.0 517.0 153.0 517.0 238.0 25.0 238.0 92.0 1.0 92.0 
1 5 0.62 0.62 516.0 46.0 516.0 517.0 153.0 517.0 238.0 25.0 238.0 92.0 1.0 92.0 298.0 38.0 298.0 
1 6 0.63 0.63 516.0 46.0 516.0 517.0 153.0 517.0 238.0 25.0 238.0 92.0 1.0 92.0 298.0 38.0 298.0 983.0 10.0 983.0 
1 7 0.73 0.73 516.0 46.0 516.0 517.0 153.0 517.0 238.0 25.0 238.0 92.0 1.0 92.0 298.0 38.0 298.0 983.0 10.0 983.0 116.0 11.0 116.0 
1 8 0.82 0.82 516.0 46.0 516.0 517.0 153.0 517.0 238.0 25.0 238.0 92.0 1.0 92.0 298.0 38.0 298.0 983.0 10.0 983.0 116.0 11.0 116.0 346.0 33.0 346.0 
1 9 0.85 0.85 516.0 46.0 516.0 517.0 153.0 517.0 238.0 25.0 238.0 92.0 1.0 92.0 298.0 38.0 298.0 983.0 10.0 983.0 116.0 11.0 116.0 346.0 33.0 346.0 42.0 1.0 42.0 
1 10 0.97 0.97 516.0 46.0 516.0 517.0 153.0 517.0 238.0 25.0 238.0 92.0 1.0 92.0 298.0 38.0 298.0 983.0 10.0 983.0 116.0 11.0 116.0 346.0 33.0 346.0 42.0 1.0 42.0 442.0 54.0 442.0 
1 2 0.55 0.55 641.0 270.0 641.0 611.0 79.0 611.0 
1 3 0.61 0.61 641.0 270.0 641.0 611.0 79.0 611.0 515.0 32.0 515.0 
1 4 0.77 0.77 641.0 270.0 641.0 611.0 79.0 611.0 515.0 32.0 515.0 955.0 153.0 955.0 
1 5 0.93 0.93 641.0 270.0 641.0 611.0 79.0 611.0 515.0 32.0 515.0 955.0 153.0 955.0 868.0 141.0 868.0 
1 2 0.35 0.35 480.0 113.0 480.0 969.0 119.0 969.0 
1 3 0.68 0.68 480.0 113.0 480.0 969.0 119.0 969.0 841.0 277.0 841.0 
1 4 0.9 0.9 480.0 113.0 480.0 969.0 119.0 969.0 841.0 277.0 841.0 769.0 169.0 769.0 
1 2 0.75 0.75 701.0 334.0 701.0 443.0 125.0 443.0 
1 2 0.44 0.44 418.0 174.0 418.0 475.0 13.0 475.0 
1 3 0.53 0.53 418.0 174.0 418.0 475.0 13.0 475.0 421.0 40.0 421.0 
1 4 0.99 0.99 418.0 174.0 418.0 475.0 13.0 475.0 421.0 40.0 421.0 146.0 67.0 146.0 
1 2 0.11 0.11 980.0 80.0 980.0 315.0 12.0 315.0 
1 3 0.39 0.39 980.0 80.0 980.0 315.0 12.0 315.0 315.0 87.0 315.0 
1 4 0.52 0.52 980.0 80.0 980.0 315.0 12.0 315.0 315.0 87.0 315.0 374.0 47.0 374.0 
1 2 0.66 0.66 654.0 222.0 654.0 106.0 34.0 106.0 
1 3 0.74 0.74 654.0 222.0 654.0 106.0 34.0 106.0 46.0 4.0 46.0 
1 2 0.55 0.55 195.0 69.0 195.0 209.0 42.0 209.0 
1 3 0.57 0.57 195.0 69.0 195.0 209.0 42.0 209.0 832.0 13.0 832.0 
1 4 0.6 0.6 195.0 69.0 195.0 209.0 42.0 209.0 832.0 13.0 832.0 383.0 13.0 383.0 
1 5 0.63 0.63 195.0 69.0 195.0 209.0 42.0 209.0 832.0 13.0 832.0 383.0 13.0 383.0 243.0 7.0 243.0 
1 6 0.75 0.75 195.0 69.0 195.0 209.0 42.0 209.0 832.0 13.0 832.0 383.0 13.0 383.0 243.0 7.0 243.0 48.0 6.0 48.0 
1 2 0.43 0.43 288.0 118.0 288.0 931.0 23.0 931.0 
1 2 0.8 0.8 833.0 338.0 833.0 155.0 62.0 155.0 
1 2 0.35 0.35 728.0 80.0 728.0 663.0 162.0 663.0 
1 3 0.38 0.38 728.0 80.0 728.0 663.0 162.0 663.0 270.0 7.0 270.0 
1 4 0.42 0.42 728.0 80.0 728.0 663.0 162.0 663.0 270.0 7.0 270.0 647.0 32.0 647.0 
1 5 0.56 0.56 728.0 80.0 728.0 663.0 162.0 663.0 270.0 7.0 270.0 647.0 32.0 647.0 506.0 67.0 506.0 
1 6 0.69 0.69 728.0 80.0 728.0 663.0 162.0 663.0 270.0 7.0 270.0 647.0 32.0 647.0 506.0 67.0 506.0 46.0 6.0 46.0 
1 2 0.57 0.57 395.0 209.0 395.0 872.0 41.0 872.0 
1 3 0.79 0.79 395.0 209.0 395.0 872.0 41.0 872.0 98.0 21.0 98.0 
1 4 0.88 0.88 395.0 209.0 395.0 872.0 41.0 872.0 98.0 21.0 98.0 999.0 97.0 999.0 
1 5 0.9 0.9 395.0 209.0 395.0 872.0 41.0 872.0 98.0 21.0 98.0 999.0 97.0 999.0 990.0 20.0 990.0 
1 2 0.74 0.74 839.0 348.0 839.0 920.0 302.0 920.0 
1 3 0.97 0.97 839.0 348.0 839.0 920.0 302.0 920.0 973.0 221.0 973.0 
1 2 0.75 0.75 943.0 666.0 943.0 691.0 35.0 691.0 
1 3 0.97 0.97 943.0 666.0 943.0 691.0 35.0 691.0 962.0 211.0 962.0 
1 2 0.55 0.55 733.0 294.0 733.0 488.0 76.0 488.0 
1 3 0.59 0.59 733.0 294.0 733.0 488.0 76.0 488.0 244.0 10.0 244.0 
1 4 0.73 0.73 733.0 294.0 733.0 488.0 76.0 488.0 244.0 10.0 244.0 303.0 41.0 303.0 
1 5 0.96 0.96 733.0 294.0 733.0 488.0 76.0 488.0 244.0 10.0 244.0 303.0 41.0 303.0 864.0 197.0 864.0 
1 2 0.63 0.63 652.0 353.0 652.0 979.0 90.0 979.0 
1 2 0.41 0.41 891.0 220.0 891.0 184.0 31.0 184.0 
1 3 0.46 0.46 891.0 220.0 891.0 184.0 31.0 184.0 847.0 40.0 847.0 
1 4 0.7 0.7 891.0 220.0 891.0 184.0 31.0 184.0 847.0 40.0 847.0 751.0 184.0 751.0 
1 2 0.92 0.92 394.0 4.0 394.0 576.0 527.0 576.0 
1 2 0.54 0.54 953.0 343.0 953.0 422.0 80.0 422.0 
1 2 0.41 0.41 803.0 180.0 803.0 800.0 155.0 800.0 
1 3 0.83 0.83 803.0 180.0 803.0 800.0 155.0 800.0 369.0 154.0 369.0 
1 2 0.59 0.59 137.0 66.0 137.0 796.0 88.0 796.0 
1 3 0.91 0.91 137.0 66.0 137.0 796.0 88.0 796.0 71.0 23.0 71.0 
1 2 0.21 0.21 769.0 8.0 769.0 225.0 47.0 225.0 
1 3 0.43 0.43 769.0 8.0 769.0 225.0 47.0 225.0 762.0 163.0 762.0 
1 4 0.57 0.57 769.0 8.0 769.0 225.0 47.0 225.0 762.0 163.0 762.0 652.0 91.0 652.0 
1 5 0.68 0.68 769.0 8.0 769.0 225.0 47.0 225.0 762.0 163.0 762.0 652.0 91.0 652.0 474.0 55.0 474.0 
1 6 0.76 0.76 769.0 8.0 769.0 225.0 47.0 225.0 762.0 163.0 762.0 652.0 91.0 652.0 474.0 55.0 474.0 162.0 13.0 162.0 
1 2 0.66 0.66 573.0 212.0 573.0 602.0 176.0 602.0 
1 2 0.35 0.35 582.0 86.0 582.0 91.0 19.0 91.0 
1 3 0.44 0.44 582.0 86.0 582.0 91.0 19.0 91.0 469.0 41.0 469.0 
1 4 0.61 0.61 582.0 86.0 582.0 91.0 19.0 91.0 469.0 41.0 469.0 138.0 23.0 138.0 
1 5 0.68 0.68 582.0 86.0 582.0 91.0 19.0 91.0 469.0 41.0 469.0 138.0 23.0 138.0 594.0 46.0 594.0 
1 6 0.78 0.78 582.0 86.0 582.0 91.0 19.0 91.0 469.0 41.0 469.0 138.0 23.0 138.0 594.0 46.0 594.0 320.0 32.0 320.0 
1 2 0.31 0.31 450.0 130.0 450.0 882.0 20.0 882.0 
1 3 0.57 0.57 450.0 130.0 450.0 882.0 20.0 882.0 15.0 4.0 15.0 
1 4 0.96 0.96 450.0 130.0 450.0 882.0 20.0 882.0 15.0 4.0 15.0 923.0 361.0 923.0 
1 2 0.74 0.74 384.0 30.0 384.0 945.0 634.0 945.0 
1 2 0.61 0.61 616.0 290.0 616.0 565.0 83.0 565.0 
1 3 0.85 0.85 616.0 290.0 616.0 565.0 83.0 565.0 550.0 130.0 550.0 
1 2 0.21 0.21 905.0 105.0 905.0 191.0 18.0 191.0 
1 3 0.31 0.31 905.0 105.0 905.0 191.0 18.0 191.0 942.0 101.0 942.0 
1 4 0.56 0.56 905.0 105.0 905.0 191.0 18.0 191.0 942.0 101.0 942.0 8.0 2.0 8.0 
1 5 0.85 0.85 905.0 105.0 905.0 191.0 18.0 191.0 942.0 101.0 942.0 8.0 2.0 8.0 611.0 178.0 611.0 
1 2 0.09 0.09 911.0 65.0 911.0 73.0 2.0 73.0 
1 3 0.31 0.31 911.0 65.0 911.0 73.0 2.0 73.0 144.0 31.0 144.0 
1 4 0.51 0.51 911.0 65.0 911.0 73.0 2.0 73.0 144.0 31.0 144.0 779.0 156.0 779.0 
1 5 0.98 0.98 911.0 65.0 911.0 73.0 2.0 73.0 144.0 31.0 144.0 779.0 156.0 779.0 354.0 165.0 354.0 
1 2 0.22 0.22 799.0 18.0 799.0 676.0 136.0 676.0 
1 2 0.67 0.67 301.0 144.0 301.0 232.0 45.0 232.0 
1 2 0.59 0.59 683.0 65.0 683.0 968.0 481.0 968.0 
1 3 0.67 0.67 683.0 65.0 683.0 968.0 481.0 968.0 789.0 66.0 789.0 
1 4 0.7 0.7 683.0 65.0 683.0 968.0 481.0 968.0 789.0 66.0 789.0 713.0 23.0 713.0 
1 2 0.52 0.52 519.0 179.0 519.0 687.0 121.0 687.0 
1 3 0.56 0.56 519.0 179.0 519.0 687.0 121.0 687.0 831.0 37.0 831.0 
1 4 0.97 0.97 519.0 179.0 519.0 687.0 121.0 687.0 831.0 37.0 831.0 775.0 316.0 775.0 
1 2 0.71 0.71 324.0 131.0 324.0 947.0 296.0 947.0 
1 2 0.13 0.13 263.0 6.0 263.0 368.0 41.0 368.0 
1 3 0.15 0.15 263.0 6.0 263.0 368.0 41.0 368.0 719.0 14.0 719.0 
1 4 0.5 0.5 263.0 6.0 263.0 368.0 41.0 368.0 719.0 14.0 719.0 196.0 68.0 196.0 
1 5 0.75 0.75 263.0 6.0 263.0 368.0 41.0 368.0 719.0 14.0 719.0 196.0 68.0 196.0 821.0 208.0 821.0 
1 6 0.91 0.91 263.0 6.0 263.0 368.0 41.0 368.0 719.0 14.0 719.0 196.0 68.0 196.0 821.0 208.0 821.0 874.0 142.0 874.0 
1 7 0.96 0.96 263.0 6.0 263.0 368.0 41.0 368.0 719.0 14.0 719.0 196.0 68.0 196.0 821.0 208.0 821.0 874.0 142.0 874.0 178.0 8.0 178.0 
1 2 0.62 0.62 863.0 311.0 863.0 858.0 231.0 858.0 
1 2 0.1 0.1 647.0 66.0 647.0 666.0 5.0 666.0 
1 3 0.53 0.53 647.0 66.0 647.0 666.0 5.0 666.0 957.0 406.0 957.0 
1 4 0.99 0.99 647.0 66.0 647.0 666.0 5.0 666.0 957.0 406.0 957.0 462.0 214.0 462.0 
1 2 0.88 0.88 122.0 54.0 122.0 137.0 60.0 137.0 
1 2 0.88 0.88 908.0 770.0 908.0 570.0 23.0 570.0 
1 2 0.6 0.6 731.0 126.0 731.0 309.0 133.0 309.0 
1 2 0.57 0.57 839.0 160.0 839.0 719.0 277.0 719.0 
1 3 0.92 0.92 839.0 160.0 839.0 719.0 277.0 719.0 413.0 146.0 413.0 
1 2 0.7 0.7 108.0 8.0 108.0 381.0 242.0 381.0 
1 2 0.25 0.25 576.0 53.0 576.0 657.0 108.0 657.0 
1 3 0.31 0.31 576.0 53.0 576.0 657.0 108.0 657.0 352.0 19.0 352.0 
1 4 0.84 0.84 576.0 53.0 576.0 657.0 108.0 657.0 352.0 19.0 352.0 500.0 269.0 500.0 
1 2 0.74 0.74 75.0 19.0 75.0 372.0 184.0 372.0 
1 3 0.97 0.97 75.0 19.0 75.0 372.0 184.0 372.0 484.0 111.0 484.0 
1 2 0.84 0.84 7.0 3.0 7.0 530.0 223.0 530.0 
1 2 0.49 0.49 347.0 76.0 347.0 606.0 165.0 606.0 
1 3 0.91 0.91 347.0 76.0 347.0 606.0 165.0 606.0 558.0 235.0 558.0 
1 2 0.27 0.27 684.0 168.0 684.0 533.0 15.0 533.0 
1 3 0.44 0.44 684.0 168.0 684.0 533.0 15.0 533.0 747.0 128.0 747.0 
1 4 0.88 0.88 684.0 168.0 684.0 533.0 15.0 533.0 747.0 128.0 747.0 776.0 342.0 776.0 
1 2 0.71 0.71 386.0 97.0 386.0 518.0 240.0 518.0 
1 3 0.74 0.74 386.0 97.0 386.0 518.0 240.0 518.0 194.0 6.0 194.0 
1 2 0.37 0.37 762.0 169.0 762.0 172.0 26.0 172.0 
1 3 0.43 0.43 762.0 169.0 762.0 172.0 26.0 172.0 812.0 48.0 812.0 
1 4 0.48 0.48 762.0 169.0 762.0 172.0 26.0 172.0 812.0 48.0 812.0 183.0 10.0 183.0 
1 5 0.87 0.87 762.0 169.0 762.0 172.0 26.0 172.0 812.0 48.0 812.0 183.0 10.0 183.0 769.0 299.0 769.0 
1 6 0.92 0.92 762.0 169.0 762.0 172.0 26.0 172.0 812.0 48.0 812.0 183.0 10.0 183.0 769.0 299.0 769.0 42.0 2.0 42.0 
1 2 0.35 0.35 241.0 30.0 241.0 144.0 33.0 144.0 
1 2 0.35 0.35 369.0 91.0 369.0 907.0 95.0 907.0 
1 3 0.74 0.74 369.0 91.0 369.0 907.0 95.0 907.0 716.0 280.0 716.0 
1 2 0.71 0.71 746.0 299.0 746.0 663.0 208.0 663.0 
1 3 0.77 0.77 746.0 299.0 746.0 663.0 208.0 663.0 879.0 52.0 879.0 
1 2 0.47 0.47 801.0 164.0 801.0 294.0 79.0 294.0 
1 3 0.67 0.67 801.0 164.0 801.0 294.0 79.0 294.0 906.0 182.0 906.0 
1 2 0.19 0.19 94.0 6.0 94.0 95.0 12.0 95.0 
1 3 0.35 0.35 94.0 6.0 94.0 95.0 12.0 95.0 247.0 41.0 247.0 
1 4 0.85 0.85 94.0 6.0 94.0 95.0 12.0 95.0 247.0 41.0 247.0 24.0 12.0 24.0 
1 2 0.83 0.83 9.0 5.0 9.0 824.0 230.0 824.0 
1 2 0.81 0.81 296.0 138.0 296.0 712.0 246.0 712.0 
1 2 0.67 0.67 463.0 166.0 463.0 622.0 194.0 622.0 
1 3 0.98 0.98 463.0 166.0 463.0 622.0 194.0 622.0 248.0 77.0 248.0 
1 2 0.51 0.51 824.0 279.0 824.0 794.0 143.0 794.0 
1 3 0.57 0.57 824.0 279.0 824.0 794.0 143.0 794.0 377.0 21.0 377.0 
1 4 0.81 0.81 824.0 279.0 824.0 794.0 143.0 794.0 377.0 21.0 377.0 486.0 119.0 486.0 
1 2 0.73 0.73 627.0 191.0 627.0 377.0 163.0 377.0 
1 3 0.87 0.87 627.0 191.0 627.0 377.0 163.0 377.0 635.0 85.0 635.0 
1 2 0.93 0.93 860.0 393.0 860.0 161.0 77.0 161.0 
1 2 0.3 0.3 809.0 46.0 809.0 115.0 29.0 115.0 
1 3 0.44 0.44 809.0 46.0 809.0 115.0 29.0 115.0 15.0 2.0 15.0 
1 4 0.49 0.49 809.0 46.0 809.0 115.0 29.0 115.0 15.0 2.0 15.0 770.0 37.0 770.0 
1 5 0.64 0.64 809.0 46.0 809.0 115.0 29.0 115.0 15.0 2.0 15.0 770.0 37.0 770.0 577.0 89.0 577.0 
1 2 0.47 0.47 625.0 269.0 625.0 584.0 25.0 584.0 
1 3 0.49 0.49 625.0 269.0 625.0 584.0 25.0 584.0 826.0 14.0 826.0 
1 4 0.81 0.81 625.0 269.0 625.0 584.0 25.0 584.0 826.0 14.0 826.0 251.0 81.0 251.0 
1 5 0.94 0.94 625.0 269.0 625.0 584.0 25.0 584.0 826.0 14.0 826.0 251.0 81.0 251.0 439.0 60.0 439.0 
1 2 0.34 0.34 943.0 101.0 943.0 412.0 98.0 412.0 
1 3 0.68 0.68 943.0 101.0 943.0 412.0 98.0 412.0 454.0 154.0 454.0 
1 4 0.99 0.99 943.0 101.0 943.0 412.0 98.0 412.0 454.0 154.0 454.0 292.0 92.0 292.0 
1 2 0.81 0.81 415.0 203.0 415.0 343.0 113.0 343.0 
1 3 0.85 0.85 415.0 203.0 415.0 343.0 113.0 343.0 467.0 16.0 467.0 
1 4 0.93 0.93 415.0 203.0 415.0 343.0 113.0 343.0 467.0 16.0 467.0 574.0 49.0 574.0 
1 5 0.94 0.94 415.0 203.0 415.0 343.0 113.0 343.0 467.0 16.0 467.0 574.0 49.0 574.0 221.0 2.0 221.0 
1 2 0.52 0.52 102.0 50.0 102.0 418.0 15.0 418.0 
1 3 0.78 0.78 102.0 50.0 102.0 418.0 15.0 418.0 356.0 92.0 356.0 
1 4 0.95 0.95 102.0 50.0 102.0 418.0 15.0 418.0 356.0 92.0 356.0 405.0 68.0 405.0 
1 2 0.48 0.48 561.0 269.0 561.0 445.0 4.0 445.0 
1 3 0.57 0.57 561.0 269.0 561.0 445.0 4.0 445.0 218.0 18.0 218.0 
1 4 0.65 0.65 561.0 269.0 561.0 445.0 4.0 445.0 218.0 18.0 218.0 445.0 38.0 445.0 
1 5 0.98 0.98 561.0 269.0 561.0 445.0 4.0 445.0 218.0 18.0 218.0 445.0 38.0 445.0 650.0 211.0 650.0 
1 2 0.19 0.19 42.0 7.0 42.0 820.0 20.0 820.0 
1 3 0.3 0.3 42.0 7.0 42.0 820.0 20.0 820.0 532.0 58.0 532.0 
1 4 0.7 0.7 42.0 7.0 42.0 820.0 20.0 820.0 532.0 58.0 532.0 1000.0 409.0 1000.0 
1 2 0.4 0.4 241.0 93.0 241.0 266.0 5.0 266.0 
1 3 0.81 0.81 241.0 93.0 241.0 266.0 5.0 266.0 137.0 56.0 137.0 
1 2 0.71 0.71 648.0 250.0 648.0 583.0 194.0 583.0 
1 2 0.48 0.48 75.0 11.0 75.0 925.0 312.0 925.0 
1 3 0.84 0.84 75.0 11.0 75.0 925.0 312.0 925.0 400.0 143.0 400.0 
1 2 0.47 0.47 244.0 68.0 244.0 52.0 10.0 52.0 
1 3 0.65 0.65 244.0 68.0 244.0 52.0 10.0 52.0 339.0 64.0 339.0 
1 2 0.5 0.5 568.0 17.0 568.0 298.0 142.0 298.0 
1 3 0.71 0.71 568.0 17.0 568.0 298.0 142.0 298.0 352.0 73.0 352.0 
1 4 0.96 0.96 568.0 17.0 568.0 298.0 142.0 298.0 352.0 73.0 352.0 324.0 81.0 324.0 
1 2 0.4 0.4 824.0 208.0 824.0 311.0 47.0 311.0 
1 3 0.81 0.81 824.0 208.0 824.0 311.0 47.0 311.0 862.0 355.0 862.0 
1 2 0.6 0.6 191.0 91.0 191.0 654.0 85.0 654.0 
1 2 0.77 0.77 117.0 57.0 117.0 363.0 104.0 363.0 
1 2 0.86 0.86 135.0 108.0 135.0 881.0 54.0 881.0 
1 2 0.77 0.77 682.0 309.0 682.0 863.0 278.0 863.0 
1 2 0.87 0.87 399.0 199.0 399.0 325.0 121.0 325.0 
1 2 0.42 0.42 679.0 94.0 679.0 131.0 37.0 131.0 
1 3 0.62 0.62 679.0 94.0 679.0 131.0 37.0 131.0 369.0 74.0 369.0 
1 4 0.79 0.79 679.0 94.0 679.0 131.0 37.0 131.0 369.0 74.0 369.0 898.0 153.0 898.0 
1 2 0.67 0.67 325.0 83.0 325.0 620.0 259.0 620.0 
1 2 0.34 0.34 345.0 58.0 345.0 937.0 162.0 937.0 
1 3 0.79 0.79 345.0 58.0 345.0 937.0 162.0 937.0 447.0 202.0 447.0 
1 2 0.84 0.84 335.0 123.0 335.0 1000.0 480.0 1000.0 
1 2 0.17 0.17 705.0 118.0 705.0 612.0 5.0 612.0 
1 3 0.46 0.46 705.0 118.0 705.0 612.0 5.0 612.0 240.0 69.0 240.0 
1 4 0.6 0.6 705.0 118.0 705.0 612.0 5.0 612.0 240.0 69.0 240.0 144.0 21.0 144.0 
1 5 0.87 0.87 705.0 118.0 705.0 612.0 5.0 612.0 240.0 69.0 240.0 144.0 21.0 144.0 106.0 28.0 106.0 
